-7.578946011562948115e-03 -7.579796092704782495e-02 -4.507242837644298561e-02 6.273012078600004315e-02 0.000000000000000000e+00 5.448150404822627024e-02 -2.073988794290926307e-02 -3.263545221670938190e-03 -1.103621983929770067e-02 -7.478192792461868521e-03 7.973681535995424952e-04 -1.834288527788885403e-03 -2.365559299732922227e-04 -9.003185307165040285e-03 -1.047548137944431801e-02 -5.870553691920576966e-03 2.757197066239314154e-02 -4.395444202054932248e-02
-7.578946011562948115e-03 -7.678586354086291976e-02 -6.512180696404357150e-03 -1.679287382830807474e-02 0.000000000000000000e+00 -1.087112127032696662e-02 -8.890018235251773149e-02 -6.139316418853013602e-03 4.713727505441056564e-02 1.452735246304656669e-02 7.973681535995424952e-04 -3.992577233475458343e-03 1.104244968928469461e-03 -9.003185307165040285e-03 -1.047548137944431801e-02 -5.870553691920576966e-03 -2.207405278386431746e-02 2.103133094351505861e-03
1.510320699071598938e-02 -4.141559731579036452e-02 -3.127193974887632066e-02 3.112929375947715016e-02 0.000000000000000000e+00 4.670392505067866296e-02 -3.408347286494972650e-02 1.489578040627748123e-02 2.900588629131561902e-02 3.391343916177902429e-02 3.530825071425169881e-02 -3.082535677094710991e-02 5.977235338286845945e-02 1.034821225039195269e-02 1.779410768613161054e-01 2.027768420157372020e-02 3.676841341075487435e-02 5.243644332949770615e-03
-7.578946011562948115e-03 1.382020884921075776e-01 -1.880325748061295599e-03 1.019436627075265278e-02 0.000000000000000000e+00 -2.721409558216691948e-02 -2.073988794290926307e-02 -3.263545221670938190e-03 -1.103621983929770067e-02 -7.478192792461868521e-03 7.973681535995424952e-04 -1.834288527788885403e-03 -2.365559299732922227e-04 -9.003185307165040285e-03 -1.047548137944431801e-02 -5.870553691920576966e-03 1.129090467657078989e-03 -5.589617983906691734e-02
-7.350750845944276080e-03 -3.885971316026370914e-02 -1.603644976421492174e-02 -2.255519638856640086e-02 0.000000000000000000e+00 -1.087112127032696662e-02 -2.073988794290926307e-02 -3.263545221670938190e-03 -1.103621983929770067e-02 -7.478192792461868521e-03 7.973681535995424952e-04 -1.834288527788885403e-03 -2.365559299732922227e-04 -9.003185307165040285e-03 -1.047548137944431801e-02 -5.870553691920576966e-03 -3.945922807361057494e-03 -1.446412075438274769e-02
-7.578946011562948115e-03 -9.158254826786560443e-02 -9.828034897509496659e-03 -7.221184878289932385e-04 0.000000000000000000e+00 4.065122839529067278e-02 -2.073988794290926307e-02 -3.263545221670938190e-03 -1.103621983929770067e-02 -7.478192792461868521e-03 7.973681535995424952e-04 -1.834288527788885403e-03 -2.365559299732922227e-04 -9.003185307165040285e-03 -1.047548137944431801e-02 -5.870553691920576966e-03 8.242026060543139465e-04 -8.279509399415019288e-03
-7.578946011562948115e-03 5.493078811741725076e-02 -3.316955473928828724e-02 3.766439630999229848e-02 0.000000000000000000e+00 -8.158892844221554697e-03 -2.073988794290926307e-02 -3.263545221670938190e-03 -1.103621983929770067e-02 -7.478192792461868521e-03 7.973681535995424952e-04 -1.834288527788885403e-03 -2.365559299732922227e-04 -4.055389552013366483e-02 1.058369222300825641e-02 -5.212969911099207820e-02 2.950152868015720742e-02 2.125648198853014037e-02
-7.578946011562948115e-03 -6.370800607692217454e-02 -4.950979462319082813e-02 -1.315424203312431928e-02 0.000000000000000000e+00 3.387256879796041176e-02 -2.073988794290926307e-02 -3.263545221670938190e-03 -1.103621983929770067e-02 -7.478192792461868521e-03 7.973681535995424952e-04 -1.834288527788885403e-03 -2.365559299732922227e-04 -9.003185307165040285e-03 -1.047548137944431801e-02 -5.870553691920576966e-03 1.350080974953016266e-02 -8.699563122831932560e-03
-9.977973826971719973e-02 1.135660730978997890e-01 -1.537221979924652260e-02 2.303778164787217975e-04 0.000000000000000000e+00 2.012759901117533445e-02 -2.073988794290926307e-02 -3.263545221670938190e-03 -1.103621983929770067e-02 -7.478192792461868521e-03 7.973681535995424952e-04 -1.834288527788885403e-03 -2.365559299732922227e-04 -9.003185307165040285e-03 -1.047548137944431801e-02 -5.870553691920576966e-03 -2.122697226150194183e-02 3.727339929719164502e-02
3.979518300002382603e-02 1.112817741231992841e-01 -8.539959828340215608e-02 -8.675688151197391562e-02 0.000000000000000000e+00 -1.087112127032696662e-02 1.027030281579754956e-01 3.184727570260292850e-02 1.437380511924857274e-02 -4.298605421354295686e-02 9.000330118055899220e-02 5.694575762390741147e-03 -6.372326095333846752e-02 -9.003185307165040285e-03 -1.047548137944431801e-02 -5.870553691920576966e-03 -3.262309132696827874e-02 -2.741336209987821348e-02
-5.682513839201419614e-02 -1.408199551879079081e-01 -2.963335112421106032e-02 -3.834543590710381977e-02 0.000000000000000000e+00 -1.087112127032696662e-02 -6.550104654161259532e-02 -2.808401533684445894e-03 -3.147329407875076868e-02 4.937075972247839672e-02 1.054999772968585603e-01 7.759313021551861311e-03 -1.663708105388650438e-02 -9.003185307165040285e-03 -1.047548137944431801e-02 -5.870553691920576966e-03 -2.662613805659930222e-02 -9.669927971117431298e-03
2.955619944532372756e-02 -5.691796359678846784e-02 2.351296566689597967e-02 9.417764806494233198e-02 0.000000000000000000e+00 -1.087112127032696662e-02 1.243944416341946635e-01 4.293825917557114735e-03 -5.571170613620779477e-04 7.437474425614709617e-03 7.973681535995424952e-04 1.044540902330481913e-02 -2.431057143894577166e-02 -5.939591694732371252e-02 1.906171462069323752e-01 -2.065116543599287979e-02 4.537923110365227330e-02 2.539267863176064566e-02
-7.578946011562948115e-03 1.080320256642153254e-01 -2.469186865710071288e-02 6.036212269191310043e-02 0.000000000000000000e+00 -1.144561135879484937e-02 -2.073988794290926307e-02 -3.263545221670938190e-03 -1.103621983929770067e-02 -7.478192792461868521e-03 7.973681535995424952e-04 -1.834288527788885403e-03 -2.365559299732922227e-04 -9.003185307165040285e-03 -1.047548137944431801e-02 -5.870553691920576966e-03 4.305023370761773549e-02 1.547952867986168712e-02
1.658579046033992199e-02 -2.264572867215974838e-01 -9.350898137654439779e-03 -2.594464358389814151e-02 0.000000000000000000e+00 -1.087112127032696662e-02 1.157617528492664860e-01 1.615340414446109207e-02 -8.393811331188771874e-03 3.827849068329669535e-02 7.973681535995424952e-04 5.829827671732346062e-03 -3.489598043000796679e-02 -6.524730494129471481e-02 1.486621885951535660e-01 -7.104700162926746998e-02 -1.791399857029318810e-02 -2.909405564787448384e-02
-7.578946011562948115e-03 -2.020461386746319477e-02 -6.648825022210758107e-03 1.432595470396336168e-02 0.000000000000000000e+00 3.142252593534067273e-03 -2.073988794290926307e-02 -3.263545221670938190e-03 -1.103621983929770067e-02 -7.478192792461868521e-03 7.973681535995424952e-04 -1.834288527788885403e-03 -2.365559299732922227e-04 3.324937882280210033e-02 -9.380902874545427039e-02 8.707134060387033969e-03 -1.557492391293635592e-02 -1.736042185802944005e-02
2.734392520051187603e-02 8.007501724932808429e-02 -9.466570082622638438e-03 1.835227205265255179e-02 0.000000000000000000e+00 -1.087112127032696662e-02 1.722020495799370110e-02 8.575015429300947289e-03 7.389350794255733490e-03 1.589776877153781243e-03 7.973681535995424952e-04 1.337229523414862342e-02 -1.174471399281173944e-03 -2.769147983417497016e-02 -5.947880815710959723e-02 2.641346494056051597e-02 2.225800773157970980e-02 -8.281184283987386152e-03
-2.820993516797898337e-02 1.059874144993955269e-01 -6.740647524566156790e-03 -8.738810497379745357e-02 0.000000000000000000e+00 -7.865454746934119612e-03 4.521383129940659273e-03 -1.836933790400507860e-02 -3.253229063557228073e-02 2.373074105446448812e-02 9.876498753146734089e-02 2.641550272710446734e-02 3.187688154685019981e-02 -1.229226105988345807e-02 1.806037220740108751e-01 -5.181372256993199699e-02 -3.321114680511527695e-02 -1.167627147515304387e-02
1.226462702470598742e-02 2.231427842596644950e-01 -5.799370082968380302e-03 2.409322715175221674e-02 0.000000000000000000e+00 3.560361669224221259e-02 -7.157517929044843186e-02 2.168487530070706271e-02 3.493132391304243356e-02 1.976400774788089620e-02 1.549754575535189360e-02 5.159818784136405156e-03 -3.061109521877369843e-02 7.082026213538483717e-02 1.754619386338163167e-01 1.012456807802664116e-02 3.237530041951686144e-02 1.679737655877033831e-02
8.608378021017415449e-02 -1.033245529742998770e-01 5.029529659259424079e-02 3.205346692629973404e-02 0.000000000000000000e+00 7.346358444294764922e-03 7.221617044342565350e-02 -4.337622867160462192e-02 -7.633142115082591772e-03 -2.981857483246130869e-02 7.973681535995424952e-04 -5.536522777902064263e-03 -4.330202212167932885e-02 -9.003185307165040285e-03 -1.047548137944431801e-02 -5.870553691920576966e-03 5.070491448896063957e-02 -1.533970167656661943e-02
2.518199126870968030e-02 4.501622541829419788e-02 1.775747613010025816e-02 5.960093174053326948e-02 0.000000000000000000e+00 -1.087112127032696662e-02 -2.073988794290926307e-02 -3.263545221670938190e-03 -1.103621983929770067e-02 -7.478192792461868521e-03 7.973681535995424952e-04 -1.834288527788885403e-03 -2.365559299732922227e-04 -9.003185307165040285e-03 -1.047548137944431801e-02 -5.870553691920576966e-03 6.357870851570623927e-02 1.503049295934033580e-03
-5.249104636459378526e-02 4.298123797161679249e-02 -1.463919847401484731e-02 1.150824922660831362e-02 0.000000000000000000e+00 -1.087112127032696662e-02 -2.073988794290926307e-02 -3.263545221670938190e-03 -1.103621983929770067e-02 -7.478192792461868521e-03 7.973681535995424952e-04 -1.834288527788885403e-03 -2.365559299732922227e-04 1.378504257809254341e-02 -2.217482008563820273e-02 5.284319806014536880e-02 5.891007080208510160e-03 9.277208181629248429e-03
-8.460519308573566377e-02 -5.955787587663508020e-02 -3.764609883546654601e-03 -4.126460986299207434e-03 0.000000000000000000e+00 -1.087112127032696662e-02 -2.073988794290926307e-02 -3.263545221670938190e-03 -1.103621983929770067e-02 -7.478192792461868521e-03 7.973681535995424952e-04 -1.834288527788885403e-03 -2.365559299732922227e-04 -9.003185307165040285e-03 -1.047548137944431801e-02 -5.870553691920576966e-03 1.472229677347058896e-02 -2.446730228837168397e-02
-7.578946011562948115e-03 -6.698461238920572214e-02 -1.264496320800390095e-03 1.292123860821448034e-02 0.000000000000000000e+00 -1.087112127032696662e-02 -2.073988794290926307e-02 -3.263545221670938190e-03 -1.103621983929770067e-02 -7.478192792461868521e-03 7.973681535995424952e-04 -1.834288527788885403e-03 -2.365559299732922227e-04 -9.003185307165040285e-03 -1.047548137944431801e-02 -5.870553691920576966e-03 1.801608788809971884e-03 1.735587995062815025e-02
-1.037567048378207346e-01 -1.046311777026858181e-01 3.236927705438574776e-02 6.155258965145549155e-02 0.000000000000000000e+00 -1.087112127032696662e-02 8.055348328343825415e-02 2.704928694583941251e-03 -2.842630282975733280e-02 6.039231875797668181e-02 -6.426893022398871835e-02 3.994052433972683502e-02 -2.408922467202501139e-02 -4.724108297500606568e-02 7.521979393459332641e-02 -5.462612441988312639e-02 4.035425783513346687e-03 1.986368603752453055e-02
-7.578946011562948115e-03 -7.776306408413802274e-02 -7.310093179285104270e-03 -2.737541870737913996e-02 0.000000000000000000e+00 -1.087112127032696662e-02 1.982941758433298673e-02 -2.192565785389888333e-02 6.639131191150227096e-02 3.983218439498159569e-02 7.973681535995424952e-04 -2.934790873041492887e-03 -2.365559299732922227e-04 -9.003185307165040285e-03 -1.047548137944431801e-02 -5.870553691920576966e-03 1.366181513003539294e-02 -2.476644691341789439e-02
-1.211889770638663322e-01 2.247665375944052357e-01 4.097522770098294131e-02 -6.249461118386534508e-02 0.000000000000000000e+00 5.218955134478164837e-02 7.688334144177133567e-02 -1.810460065826191567e-03 -4.592761964886449277e-03 1.916275191615568474e-02 5.958085004749591462e-02 1.340450321178821014e-02 -2.674318635035888292e-02 4.818496017833240330e-02 1.771784428356113494e-01 -1.105086809366184752e-02 2.885509505358641036e-02 4.219231689785374328e-02
-7.578946011562948115e-03 -3.352815830294275656e-02 -3.182755888246902032e-02 -1.427601731847971678e-02 0.000000000000000000e+00 -1.008542564613890136e-02 -4.495980640803054484e-02 -1.610354866579655209e-02 -1.760901002853643149e-03 -2.015584248081836449e-02 7.973681535995424952e-04 1.614829415302665439e-03 -1.287830607452633558e-02 -9.003185307165040285e-03 -1.047548137944431801e-02 -5.870553691920576966e-03 1.009295966650824994e-02 -1.842204856075113639e-03
-7.578946011562948115e-03 -2.208052058394969208e-01 -1.983741867661592551e-02 1.219198000035248697e-02 0.000000000000000000e+00 -1.087112127032696662e-02 2.606147277401760221e-02 -1.755283338638946589e-02 -3.979224762588273734e-03 -2.519013561868632678e-02 7.973681535995424952e-04 2.003936267647077329e-02 -3.273304726917558582e-02 -9.003185307165040285e-03 -1.047548137944431801e-02 -5.870553691920576966e-03 -6.163667343571432866e-03 -1.807072878364124335e-03
-7.578946011562948115e-03 2.382633610613993369e-02 -2.028723471403282019e-02 4.761311498805298470e-02 0.000000000000000000e+00 -1.087112127032696662e-02 -2.073988794290926307e-02 -3.263545221670938190e-03 -1.103621983929770067e-02 -7.478192792461868521e-03 7.973681535995424952e-04 -1.834288527788885403e-03 -2.365559299732922227e-04 -9.003185307165040285e-03 -1.047548137944431801e-02 -5.870553691920576966e-03 -1.530274651304353029e-02 -4.360055145662045106e-02
-7.578946011562948115e-03 2.376204475149279460e-01 1.977230235752358567e-03 -1.050111471886339132e-01 0.000000000000000000e+00 -1.087112127032696662e-02 -8.837362700433004647e-03 5.124181352584855631e-03 3.610950723577843746e-02 -1.038365452222933527e-02 7.973681535995424952e-04 1.208272991880221525e-02 -2.637101670370611828e-02 2.704332422581501305e-02 1.796993204698082991e-01 1.116932371041912120e-02 -5.208315214258618653e-02 4.941400346297086799e-02
5.281609909252438229e-02 4.698613975779153407e-02 4.005454175967315678e-03 2.763716074696276337e-03 0.000000000000000000e+00 -1.203541906943428330e-01 -2.073988794290926307e-02 -3.263545221670938190e-03 -1.103621983929770067e-02 -7.478192792461868521e-03 7.973681535995424952e-04 -1.834288527788885403e-03 -2.365559299732922227e-04 -9.003185307165040285e-03 -1.047548137944431801e-02 -5.870553691920576966e-03 4.936168901622295380e-03 1.304221740997490997e-02
-9.809586984920315444e-02 -1.698337773268576711e-02 -3.734350869308400434e-03 4.181037227681372315e-02 0.000000000000000000e+00 -1.087112127032696662e-02 5.330875524668954313e-02 -2.111880973757251923e-03 -2.079305535517050885e-02 -8.399607728279079311e-03 -7.629402374732308090e-03 -1.243892497768683825e-04 6.034704863623119309e-03 5.182224408781621605e-02 1.751386405339871999e-01 -1.606609891132393386e-02 2.834878761132131331e-02 -1.044139148143585771e-02
-8.301483085961081088e-02 1.822436092370480765e-01 -2.270610482818824494e-02 6.627045182176516391e-02 0.000000000000000000e+00 -4.978463581210235134e-03 -2.073988794290926307e-02 -3.263545221670938190e-03 -1.103621983929770067e-02 -7.478192792461868521e-03 7.973681535995424952e-04 -1.834288527788885403e-03 -2.365559299732922227e-04 -9.003185307165040285e-03 -1.047548137944431801e-02 -5.870553691920576966e-03 3.800801191573555116e-02 8.486349281156435609e-03
-7.578946011562948115e-03 6.604190581128932536e-03 2.179308485938236117e-02 2.802635282660048688e-02 0.000000000000000000e+00 -6.731836926337564364e-02 -2.073988794290926307e-02 -3.263545221670938190e-03 -1.103621983929770067e-02 -7.478192792461868521e-03 7.973681535995424952e-04 -1.834288527788885403e-03 -2.365559299732922227e-04 -9.003185307165040285e-03 -1.047548137944431801e-02 -5.870553691920576966e-03 -5.585306432067227433e-03 7.333601441132486798e-03
-7.578946011562948115e-03 1.271609005743812304e-01 1.623336444555434355e-02 3.775801749725360423e-03 0.000000000000000000e+00 -1.087112127032696662e-02 -2.073988794290926307e-02 -3.263545221670938190e-03 -1.103621983929770067e-02 -7.478192792461868521e-03 7.973681535995424952e-04 -1.834288527788885403e-03 -2.365559299732922227e-04 -9.003185307165040285e-03 -1.047548137944431801e-02 -5.870553691920576966e-03 -3.562708487152121961e-03 5.401379717750387499e-02
-7.578946011562948115e-03 -5.452923658594954759e-03 2.351304305739176925e-02 -8.401959228285704739e-02 0.000000000000000000e+00 -1.087112127032696662e-02 9.484366936158039607e-02 6.412259703211020678e-03 8.614737373136449605e-03 -4.490211167831148487e-02 7.973681535995424952e-04 2.943638752185506746e-03 -1.946892164369273814e-02 -9.003185307165040285e-03 -1.047548137944431801e-02 -5.870553691920576966e-03 -5.641130088315549074e-02 -8.909588336649676421e-03
-7.578946011562948115e-03 -7.169345664078718983e-02 -4.362892868812195957e-04 1.300630085097509436e-03 0.000000000000000000e+00 -1.087112127032696662e-02 -2.073988794290926307e-02 -3.263545221670938190e-03 -1.103621983929770067e-02 -7.478192792461868521e-03 7.973681535995424952e-04 -1.834288527788885403e-03 -2.365559299732922227e-04 -9.003185307165040285e-03 -1.047548137944431801e-02 -5.870553691920576966e-03 1.695645010659063701e-02 7.760340515233110636e-03
-7.578946011562948115e-03 -5.067714491769947927e-02 -5.206441907728276419e-02 6.036903592757880688e-03 0.000000000000000000e+00 -1.087112127032696662e-02 -2.073988794290926307e-02 -3.263545221670938190e-03 -1.103621983929770067e-02 -7.478192792461868521e-03 7.973681535995424952e-04 -1.834288527788885403e-03 -2.365559299732922227e-04 -9.003185307165040285e-03 -1.047548137944431801e-02 -5.870553691920576966e-03 1.589667905318492558e-02 -3.481710080041011679e-02
-1.001097229273000266e-01 1.588447785834432580e-01 4.424465608985883591e-02 2.611929724662331864e-02 0.000000000000000000e+00 -3.018432553653838113e-02 -2.073988794290926307e-02 -3.263545221670938190e-03 -1.103621983929770067e-02 -7.478192792461868521e-03 7.973681535995424952e-04 -1.834288527788885403e-03 -2.365559299732922227e-04 -9.003185307165040285e-03 -1.047548137944431801e-02 -5.870553691920576966e-03 -1.596188914845697582e-02 5.141204024766921066e-02
-1.450911241772701032e-02 -1.173495891016500536e-01 -6.758980287486338057e-03 -3.443477675318717957e-03 0.000000000000000000e+00 -1.087112127032696662e-02 -1.624442109095980413e-01 -3.851872865197947249e-03 4.051679024269105867e-02 -2.516570364605286159e-02 7.973681535995424952e-04 9.593472961569204926e-03 -1.768962035731647120e-02 -9.003185307165040285e-03 -1.047548137944431801e-02 -5.870553691920576966e-03 2.115438973032723879e-02 -3.796437054734269623e-02
-7.578946011562948115e-03 6.854218335547557217e-02 1.933979431851184927e-02 7.833827319791453192e-02 0.000000000000000000e+00 -5.123810559598496184e-02 -1.034421512595145032e-01 -1.608714551366574597e-03 4.631199238065164536e-02 3.682926906731154304e-02 7.973681535995424952e-04 3.416148746600811137e-02 4.254850632605666760e-03 -9.003185307165040285e-03 -1.047548137944431801e-02 -5.870553691920576966e-03 2.822742796342936344e-02 3.482807250361474871e-02
3.938245166864362545e-02 -1.594692419475904899e-01 3.964696459843253251e-02 1.113029303505754797e-01 0.000000000000000000e+00 5.939612361544277519e-03 -6.840435860794968903e-03 4.950550378453044686e-03 -4.265022937033791095e-03 -2.209812411877010163e-03 -1.637733617370962236e-03 -2.121816175531421322e-03 6.527629057359263243e-03 1.272175840631462052e-02 -1.737781438350793906e-02 2.859164151561799372e-02 6.287841759058210300e-02 1.972679118080122862e-02
1.045009831923380261e-01 -7.027783833109424450e-02 -1.753091631690040231e-02 5.545132931547414046e-02 0.000000000000000000e+00 -1.032488905275386060e-02 -2.073988794290926307e-02 -3.263545221670938190e-03 -1.103621983929770067e-02 -7.478192792461868521e-03 7.973681535995424952e-04 -1.834288527788885403e-03 -2.365559299732922227e-04 -9.003185307165040285e-03 -1.047548137944431801e-02 -5.870553691920576966e-03 2.351458748307777569e-02 -1.341028389185794367e-02
1.031810196373044164e-01 -5.755783333370345645e-03 6.871410239909891970e-03 2.039403646995197050e-02 0.000000000000000000e+00 8.108741770411143079e-02 -1.528625177161302418e-02 -2.455251524315826828e-02 -5.180589485826203600e-02 -2.351584554435248720e-02 4.708118275266315322e-02 6.586632351627486059e-03 7.166094487956797821e-03 -9.003185307165040285e-03 -1.047548137944431801e-02 -5.870553691920576966e-03 -2.242279316124040633e-02 3.920572075003292412e-03
-7.578946011562948115e-03 -1.542876828298176406e-01 -5.062872313101252075e-02 1.204868255808833055e-02 0.000000000000000000e+00 -1.087112127032696662e-02 -2.073988794290926307e-02 -3.263545221670938190e-03 -1.103621983929770067e-02 -7.478192792461868521e-03 7.973681535995424952e-04 -1.834288527788885403e-03 -2.365559299732922227e-04 1.759337124894955195e-02 -5.882544643827714026e-02 -6.116510454376111738e-02 2.978916454594582319e-03 -2.778153994040621910e-02
1.043548348043259466e-01 -7.655674855413963087e-03 1.563639257437898777e-02 6.047122856944042724e-02 0.000000000000000000e+00 1.246968568739248440e-02 1.403339651915302966e-02 1.072212888396961716e-02 -3.187000189973332454e-02 2.463414260273566470e-02 7.973681535995424952e-04 6.964197785691794707e-03 3.798049727993202396e-02 -1.946049114849301986e-02 3.100799010280752555e-02 -9.626918862613820238e-02 1.991591776459245011e-03 2.775865061266813427e-03
-1.071060196409234777e-02 7.150048183393664658e-02 -4.099134948774008080e-02 2.640710829246017965e-02 0.000000000000000000e+00 -5.942541216063546017e-02 2.600064380385447294e-02 -1.353908954570215428e-03 -4.561014815044472925e-02 1.478604379917669576e-02 1.085226742870872840e-01 1.926971762054563442e-02 -1.442003775082412176e-03 4.196186815025271244e-02 1.830781502185345744e-01 2.755374683533773350e-02 9.687061251952400198e-03 3.640858316975936759e-02
7.268090502475388348e-02 2.078758571642538300e-01 8.169096656820329372e-02 1.130101104645291343e-01 0.000000000000000000e+00 -1.191828987793996930e-02 -2.073988794290926307e-02 -3.263545221670938190e-03 -1.103621983929770067e-02 -7.478192792461868521e-03 7.973681535995424952e-04 -1.834288527788885403e-03 -2.365559299732922227e-04 1.451242024245402717e-02 7.025800238579904544e-03 -2.677515645473249606e-03 7.107401937298618577e-02 7.013328889297554269e-02
-9.012865197937003359e-02 -9.874330496495531406e-02 2.466849543452553917e-03 -2.255101968330563977e-02 0.000000000000000000e+00 5.099885658637504093e-03 6.094009237585851224e-02 -1.489192930307581264e-02 -3.793346924794605002e-02 3.001799372941604815e-02 -6.407249115000013262e-03 7.061731916110147722e-03 -1.022426131237352820e-02 -3.503468801136477850e-02 -1.250649835856165737e-02 1.440343176182068419e-02 -1.317209823537268676e-02 5.150685821718070656e-03
-4.457881875350722112e-02 -5.592412714395322837e-02 1.614086843846962438e-02 2.589255477505503222e-02 0.000000000000000000e+00 -3.821015541907257784e-02 5.254893440542218741e-02 -2.150310847309810924e-02 -1.036459294846281409e-02 -4.186292881786357611e-02 7.973681535995424952e-04 3.567962497527332744e-03 1.722325240638156174e-02 -1.635609135155391414e-02 1.827169373755168635e-01 -8.640487124210949332e-02 -4.376129093543568160e-03 1.646374752817791887e-02
-1.289720295517327031e-02 -2.256265128708037082e-01 -1.824307302740635350e-02 -8.919964551751036197e-03 0.000000000000000000e+00 -1.087112127032696662e-02 -9.885680811021302361e-02 3.037700602362747304e-03 -1.199837390595348552e-02 -5.981447415615548380e-02 7.973681535995424952e-04 -3.836658769978384953e-02 -7.550758742581820115e-03 -9.003185307165040285e-03 -1.047548137944431801e-02 -5.870553691920576966e-03 -3.945922807361057494e-03 -1.446412075438274769e-02
-1.096977389815947390e-01 -2.843649090755206998e-02 -5.102439676193171181e-02 1.836253226792905480e-02 0.000000000000000000e+00 -1.087112127032696662e-02 -2.073988794290926307e-02 -3.263545221670938190e-03 -1.103621983929770067e-02 -7.478192792461868521e-03 7.973681535995424952e-04 -1.834288527788885403e-03 -2.365559299732922227e-04 -2.134425583790289238e-02 7.857303961282013915e-02 -3.415004690850764746e-02 1.190087097154446383e-02 -1.621309092297451571e-02
5.230938166414489388e-02 -4.913858498366607819e-02 -2.521216415061644511e-02 7.416887151885021012e-02 0.000000000000000000e+00 -1.087112127032696662e-02 -2.261577129320357926e-02 1.680818268596340204e-02 1.282139885370270349e-02 1.890158096284721978e-02 1.211079221775435144e-01 -2.395011808403069153e-03 1.493116093570279190e-03 -9.003185307165040285e-03 -1.047548137944431801e-02 -5.870553691920576966e-03 3.024037637487708707e-02 -2.919990769441938028e-02
-7.578946011562948115e-03 -6.766216068535868544e-02 -4.345951795403379947e-02 -2.869361642660805956e-02 0.000000000000000000e+00 -1.895990732009522617e-02 -2.073988794290926307e-02 -3.263545221670938190e-03 -1.103621983929770067e-02 -7.478192792461868521e-03 7.973681535995424952e-04 -1.834288527788885403e-03 -2.365559299732922227e-04 -9.003185307165040285e-03 -1.047548137944431801e-02 -5.870553691920576966e-03 -9.257145859010051936e-03 -3.206045771366916597e-02
-1.198220219184804591e-01 -7.776306408413802274e-02 -1.824307302740635350e-02 -8.919964551751036197e-03 0.000000000000000000e+00 -1.087112127032696662e-02 -2.073988794290926307e-02 -3.263545221670938190e-03 -1.103621983929770067e-02 -7.478192792461868521e-03 7.973681535995424952e-04 -1.834288527788885403e-03 -2.365559299732922227e-04 -9.003185307165040285e-03 -1.047548137944431801e-02 -5.870553691920576966e-03 -3.945922807361057494e-03 -1.446412075438274769e-02
-2.311643241500860313e-02 4.503389093588339165e-02 -2.189284165433491580e-02 -2.613516309793340042e-03 0.000000000000000000e+00 2.252704017155338079e-02 -2.114237206114921719e-02 -3.138356323688640259e-04 -1.142494046507636085e-02 -3.832792479499858018e-03 7.973681535995424952e-04 -7.868761285863001831e-04 5.444828660756684258e-04 -9.003185307165040285e-03 -1.047548137944431801e-02 -5.870553691920576966e-03 -7.594888020321377553e-03 -1.699023405308253132e-02
4.382227864880405832e-02 1.759396674297022400e-01 -4.175755158030369785e-03 -3.904269095801282674e-02 0.000000000000000000e+00 7.415070383285637945e-02 -2.073988794290926307e-02 -3.263545221670938190e-03 -1.103621983929770067e-02 -7.478192792461868521e-03 7.973681535995424952e-04 -1.834288527788885403e-03 -2.365559299732922227e-04 -5.726401211904885713e-02 1.945467489858856425e-01 -1.074073558229429182e-01 1.205304036193410866e-02 4.298602526887407294e-03
-7.578946011562948115e-03 -5.334975335790659301e-02 -5.217434194855741225e-02 2.766400878135755192e-02 0.000000000000000000e+00 -1.087112127032696662e-02 -2.073988794290926307e-02 -3.263545221670938190e-03 -1.103621983929770067e-02 -7.478192792461868521e-03 7.973681535995424952e-04 -1.834288527788885403e-03 -2.365559299732922227e-04 -9.003185307165040285e-03 -1.047548137944431801e-02 -5.870553691920576966e-03 -3.989978453319054097e-03 -2.368284023395972326e-02
-7.578946011562948115e-03 7.508356684411410242e-02 6.517811041339882649e-02 4.436280612753762398e-02 0.000000000000000000e+00 -4.494638755522828433e-02 -2.073988794290926307e-02 -3.263545221670938190e-03 -1.103621983929770067e-02 -7.478192792461868521e-03 7.973681535995424952e-04 -1.834288527788885403e-03 -2.365559299732922227e-04 -9.003185307165040285e-03 -1.047548137944431801e-02 -5.870553691920576966e-03 -5.966045462628244422e-03 -1.197159785078838468e-03
-7.578946011562948115e-03 -3.058313574092608178e-02 -4.168050942826084793e-02 -1.804935286145337159e-02 0.000000000000000000e+00 -1.087112127032696662e-02 1.364408329536672682e-01 -4.412193037114775507e-02 7.090967866542996489e-02 -4.066805379352445016e-03 7.973681535995424952e-04 -2.480022201564224815e-02 -1.030886601074598730e-02 -9.003185307165040285e-03 -1.047548137944431801e-02 -5.870553691920576966e-03 -1.761161800823174417e-02 -1.156277307427444612e-02
-7.578946011562948115e-03 -9.011613547045271844e-02 -2.590258569398429245e-03 -2.825568756816210225e-02 0.000000000000000000e+00 -1.087112127032696662e-02 -2.073988794290926307e-02 -3.263545221670938190e-03 -1.103621983929770067e-02 -7.478192792461868521e-03 7.973681535995424952e-04 -1.834288527788885403e-03 -2.365559299732922227e-04 -9.003185307165040285e-03 -1.047548137944431801e-02 -5.870553691920576966e-03 1.525849216704955325e-02 -2.275738955972883559e-02
-7.578946011562948115e-03 -1.572668094377149828e-01 -4.653585245659996872e-02 -3.508559704641811550e-03 0.000000000000000000e+00 -1.087112127032696662e-02 -2.073988794290926307e-02 -3.263545221670938190e-03 -1.103621983929770067e-02 -7.478192792461868521e-03 7.973681535995424952e-04 -1.834288527788885403e-03 -2.365559299732922227e-04 -9.003185307165040285e-03 -1.047548137944431801e-02 -5.870553691920576966e-03 -1.175187840999569744e-03 -1.147062556628952734e-02
-1.519823064336378593e-02 -3.390502730653679464e-01 -8.411163933533316595e-02 1.653500265092588961e-03 0.000000000000000000e+00 -1.240319615078533388e-03 -2.073988794290926307e-02 -3.263545221670938190e-03 -1.103621983929770067e-02 -7.478192792461868521e-03 7.973681535995424952e-04 -1.834288527788885403e-03 -2.365559299732922227e-04 -9.003185307165040285e-03 -1.047548137944431801e-02 -5.870553691920576966e-03 1.739243058773354278e-02 -2.076772974760388024e-02
-7.578946011562948115e-03 -7.629088564408448292e-02 -3.855017884006883833e-02 6.428382472222438082e-03 0.000000000000000000e+00 9.791074237000430003e-03 -2.073988794290926307e-02 -3.263545221670938190e-03 -1.103621983929770067e-02 -7.478192792461868521e-03 7.973681535995424952e-04 -1.834288527788885403e-03 -2.365559299732922227e-04 -9.003185307165040285e-03 -1.047548137944431801e-02 -5.870553691920576966e-03 1.898424973478540778e-02 -1.230591007515613455e-02
3.893090313431457616e-02 7.103889276550034992e-03 -2.737141308170976117e-02 9.919842351393981517e-03 0.000000000000000000e+00 3.188635496189817786e-02 1.026914029353065416e-01 -1.718969320791075006e-02 2.602204617687675636e-02 1.308744346169987693e-02 7.973681535995424952e-04 5.906227545892761555e-03 2.326455616366729373e-02 6.033910721271240618e-02 -3.499654935694707092e-03 -2.844635984047272359e-04 6.205666792737929427e-03 -6.538236821143073030e-04
-7.578946011562948115e-03 -8.901149834491661750e-02 -1.169386047513398807e-02 3.742500033695250750e-03 0.000000000000000000e+00 -6.569658006992540322e-02 -2.073988794290926307e-02 -3.263545221670938190e-03 -1.103621983929770067e-02 -7.478192792461868521e-03 7.973681535995424952e-04 -1.834288527788885403e-03 -2.365559299732922227e-04 -4.805715708789648488e-02 1.741329804863198660e-01 3.305102796002756804e-02 -3.521050486597232521e-03 -1.167945412453263998e-02
3.319430309966264758e-02 -6.433615064452169463e-03 -1.125405888387831510e-02 2.096483373679802753e-02 0.000000000000000000e+00 -1.087112127032696662e-02 6.862617963633965701e-03 1.971476703511143569e-02 -1.364080308121629059e-04 -5.404701146835577674e-02 8.901532319941907190e-02 1.162598231076117372e-02 4.113737761508673429e-02 2.579342906506099098e-02 5.712777259759604931e-03 4.663276988503639586e-02 4.237854256280115806e-02 1.097945488652385393e-02
-7.578946011562948115e-03 1.870751762671716278e-01 -2.593360111131914891e-02 -2.573611375009932090e-02 0.000000000000000000e+00 -1.087112127032696662e-02 -3.055865800706669688e-02 1.342910448784095934e-02 -1.414933940941409674e-02 1.298693645549064968e-02 5.238810043010744266e-03 2.044974119564813009e-02 2.278688999399491877e-02 5.614640881867671851e-02 -9.351315729873022065e-04 7.370441580951592186e-02 1.123482853427049122e-02 2.150676080873381579e-02
-7.578946011562948115e-03 1.784763712739732000e-01 2.527024506707675755e-02 4.379489472194109112e-02 0.000000000000000000e+00 -1.087112127032696662e-02 5.746120216645067558e-02 3.448556498369725887e-03 4.789537742908578366e-03 -2.582531633379403502e-03 7.973681535995424952e-04 7.552139668405288830e-03 2.585261984631870291e-02 -9.003185307165040285e-03 -1.047548137944431801e-02 -5.870553691920576966e-03 5.245610445854254067e-03 1.367612327476308565e-02
-1.919743441521859495e-02 -8.574799319467274472e-02 -1.907161508825083729e-02 7.526576198870316148e-03 0.000000000000000000e+00 8.494567061461566482e-03 -2.073988794290926307e-02 -3.263545221670938190e-03 -1.103621983929770067e-02 -7.478192792461868521e-03 7.973681535995424952e-04 -1.834288527788885403e-03 -2.365559299732922227e-04 -9.003185307165040285e-03 -1.047548137944431801e-02 -5.870553691920576966e-03 -3.992568526882678270e-04 -2.793333621048077475e-02
-3.437522237072698772e-02 -3.376108084012230393e-03 -5.201385333930375054e-02 -5.374808833948918618e-03 0.000000000000000000e+00 -3.213207116573357780e-02 -2.073988794290926307e-02 -3.263545221670938190e-03 -1.103621983929770067e-02 -7.478192792461868521e-03 7.973681535995424952e-04 -1.834288527788885403e-03 -2.365559299732922227e-04 -9.003185307165040285e-03 -1.047548137944431801e-02 -5.870553691920576966e-03 -5.471802712236240041e-03 -4.922979264620153117e-02
-8.643593673696159385e-03 -8.199730009346239967e-02 -4.331634087066049688e-03 7.692188883083872497e-03 0.000000000000000000e+00 -1.087112127032696662e-02 -3.147646409342996776e-02 4.871658941567602596e-03 -2.028517090730019845e-02 -2.232889379592961632e-02 6.524194220583012793e-02 3.186368181695797830e-02 -2.248098078143812018e-02 1.687268161981592129e-02 1.816405367972038221e-01 -5.406365766248200089e-03 -6.630994507077048183e-03 1.698859176622136147e-02
-3.223467923817224801e-03 -1.546361033069842961e-01 -1.468828373617725447e-02 3.343391992711985949e-02 0.000000000000000000e+00 2.459167008055374026e-04 -4.585419485738384537e-02 2.444476185519306455e-02 -2.177115930498985108e-02 -3.799323693601763807e-02 3.780639631258964073e-02 9.560362818774592597e-04 -1.767786671825888334e-02 5.474982007945072837e-02 -9.401621174038155004e-02 4.672823175133089535e-02 1.546436275384621695e-02 1.520207061730616260e-03
-9.031072038033016725e-02 1.177908288282196736e-01 -3.661242864291125443e-02 3.681681701345951296e-02 0.000000000000000000e+00 -1.087112127032696662e-02 -9.301509430588339455e-02 -3.919188859526911983e-04 5.553271738608600572e-02 2.285069632307568099e-03 7.973681535995424952e-04 3.204255297077907017e-04 6.019330350227392046e-03 -9.585686795162473572e-03 3.911283215256844414e-02 2.630237239100097213e-02 -8.865219113431521691e-03 -7.519669807152240537e-04
-7.578946011562948115e-03 1.015626212010829477e-01 -2.912341180672228802e-02 5.059431165682326537e-02 0.000000000000000000e+00 -1.087112127032696662e-02 -2.073988794290926307e-02 -3.263545221670938190e-03 -1.103621983929770067e-02 -7.478192792461868521e-03 7.973681535995424952e-04 -1.834288527788885403e-03 -2.365559299732922227e-04 -9.003185307165040285e-03 -1.047548137944431801e-02 -5.870553691920576966e-03 3.394851129678500001e-02 -3.872968882205896080e-04
-6.518179800104917376e-02 5.103937655076151714e-02 1.428764670345117338e-02 5.846897996525513008e-02 0.000000000000000000e+00 6.968039757339283824e-02 5.423354732283769408e-02 2.209930447861552238e-03 -1.492678544673253782e-02 -5.476915551616912126e-02 2.103450627782876836e-02 -3.701374808770196978e-03 -1.811851609745929181e-02 -9.003185307165040285e-03 -1.047548137944431801e-02 -5.870553691920576966e-03 -1.033984704190515913e-02 -1.959626291500171646e-02
-7.578946011562948115e-03 3.999618547095451504e-02 -2.135154671123018488e-02 1.673281146941008046e-02 0.000000000000000000e+00 -1.087112127032696662e-02 9.033379299216903746e-02 -2.324410250707842351e-02 3.733363337232731283e-03 -7.171327438413754862e-02 -5.110547137519461103e-03 1.496109404769185858e-02 2.890737778579932638e-02 -9.003185307165040285e-03 -1.047548137944431801e-02 -5.870553691920576966e-03 -7.308101761736907065e-03 -4.208170876609074185e-03
-6.286050243033969309e-03 -4.340223705548851285e-02 -1.657655268047619757e-02 6.121446675388142467e-02 0.000000000000000000e+00 -5.996589092956128297e-02 6.098391592786356341e-02 -9.001411302051565144e-03 5.321284564706729725e-02 -3.221383717556136617e-02 7.772326916074234759e-02 4.459094833237031708e-03 -2.535786865428235615e-02 -9.003185307165040285e-03 -1.047548137944431801e-02 -5.870553691920576966e-03 2.775920123167452402e-02 -4.545730764220934361e-03
-7.578946011562948115e-03 -1.151244637512718327e-01 4.009624828540836461e-03 -2.458939657208247809e-02 0.000000000000000000e+00 -1.087112127032696662e-02 -2.073988794290926307e-02 -3.263545221670938190e-03 -1.103621983929770067e-02 -7.478192792461868521e-03 7.973681535995424952e-04 -1.834288527788885403e-03 -2.365559299732922227e-04 -9.003185307165040285e-03 -1.047548137944431801e-02 -5.870553691920576966e-03 -1.498121148154041293e-02 -3.758213958735723281e-02
1.741786560160107911e-03 2.024395439311774680e-01 5.931925265940662939e-03 1.618298802395656821e-02 0.000000000000000000e+00 5.943291268704342656e-02 9.150866319760098122e-02 -5.018306476813449990e-03 -1.739305207411234733e-02 -2.247012287307370570e-02 -4.681781780163873918e-03 1.693519200443915906e-03 1.080282705515855923e-02 -3.979665708220636589e-02 1.833887912284808408e-01 -3.561241808711201884e-02 7.262744657055009156e-04 1.902975511075055692e-02
5.374686084087443305e-02 -2.492063128374866210e-02 -5.810901107906829566e-03 6.179905043973121792e-02 0.000000000000000000e+00 -1.087112127032696662e-02 1.531883268035016954e-02 -1.421208410874896799e-02 1.486590885906480253e-02 7.943312108181999065e-03 7.973681535995424952e-04 -2.200600563810439780e-03 -2.332530216472150641e-02 -9.003185307165040285e-03 -1.047548137944431801e-02 -5.870553691920576966e-03 2.033223865146283060e-02 3.864220695504627656e-03
1.870774150302167982e-02 -1.122308603171404684e-01 1.964946331645478494e-02 -9.614967948436969891e-03 0.000000000000000000e+00 6.317155718716094270e-02 9.154629873228259385e-02 -4.516458104808407370e-02 -5.121209358912892640e-02 -2.175903271017887164e-02 7.973681535995424952e-04 5.326199516275664791e-04 1.996135645458707586e-02 1.743452538357814774e-02 1.843848013086244464e-01 1.619921013980274438e-02 1.946660777321085334e-04 -1.475488527648849413e-02
-7.578946011562948115e-03 1.299564983037271304e-01 -3.042343236666056328e-02 1.471348845916509163e-02 0.000000000000000000e+00 7.335430851526325569e-03 -2.073988794290926307e-02 -3.263545221670938190e-03 -1.103621983929770067e-02 -7.478192792461868521e-03 7.973681535995424952e-04 -1.834288527788885403e-03 -2.365559299732922227e-04 -9.003185307165040285e-03 -1.047548137944431801e-02 -5.870553691920576966e-03 4.814369926680228673e-02 4.332768487574867322e-02
9.998446099416469224e-02 1.291453686935710721e-01 -2.414356809094897471e-02 5.518052920888294466e-02 0.000000000000000000e+00 -1.087112127032696662e-02 -2.073988794290926307e-02 -3.263545221670938190e-03 -1.103621983929770067e-02 -7.478192792461868521e-03 7.973681535995424952e-04 -1.834288527788885403e-03 -2.365559299732922227e-04 -9.003185307165040285e-03 -1.047548137944431801e-02 -5.870553691920576966e-03 2.626824150138418190e-02 2.094371242583292769e-02
-1.783300223723927047e-02 1.018672601385333110e-01 -7.239594775455771014e-03 -2.778475195191276725e-02 0.000000000000000000e+00 7.932579235057346523e-02 3.903988107094846782e-02 5.074660899708760553e-03 1.791196203848244295e-02 2.022073954321967904e-03 7.973681535995424952e-04 8.723552812625712249e-03 -4.772801783406066534e-02 -1.613016190276539419e-03 -7.617576410120818764e-02 1.304963803704595193e-02 4.205472672765608877e-03 -4.848504948313347995e-03
-7.578946011562948115e-03 -1.415496840418200009e-01 -9.530802430163021199e-03 3.425535511632915586e-02 0.000000000000000000e+00 -1.087112127032696662e-02 -2.073988794290926307e-02 -3.263545221670938190e-03 -1.103621983929770067e-02 -7.478192792461868521e-03 7.973681535995424952e-04 -1.834288527788885403e-03 -2.365559299732922227e-04 -2.907676424274541205e-02 2.288520232286828104e-02 -2.667783426659298129e-02 9.541191044263541698e-03 -1.460501352084975224e-02
1.323748155300563667e-02 1.487523681134916842e-02 -2.790320369058463257e-02 -1.925551892054500058e-02 0.000000000000000000e+00 -1.087112127032696662e-02 -2.073988794290926307e-02 -3.263545221670938190e-03 -1.103621983929770067e-02 -7.478192792461868521e-03 7.973681535995424952e-04 -1.834288527788885403e-03 -2.365559299732922227e-04 -9.003185307165040285e-03 -1.047548137944431801e-02 -5.870553691920576966e-03 9.461057505177450366e-03 -3.296462279013212537e-02
-7.578946011562948115e-03 1.813364357076352462e-02 -2.399695609528862406e-02 3.563069123538298300e-02 0.000000000000000000e+00 -3.864671097107930109e-02 -2.073988794290926307e-02 -3.263545221670938190e-03 -1.103621983929770067e-02 -7.478192792461868521e-03 7.973681535995424952e-04 -1.834288527788885403e-03 -2.365559299732922227e-04 -9.003185307165040285e-03 -1.047548137944431801e-02 -5.870553691920576966e-03 -2.722177703981287777e-02 3.785987258743261918e-02
-7.578946011562948115e-03 1.576895186190085951e-01 -9.173235066435836416e-02 8.881196216941589228e-02 0.000000000000000000e+00 -1.087112127032696662e-02 -2.073988794290926307e-02 -3.263545221670938190e-03 -1.103621983929770067e-02 -7.478192792461868521e-03 7.973681535995424952e-04 -1.834288527788885403e-03 -2.365559299732922227e-04 -9.003185307165040285e-03 -1.047548137944431801e-02 -5.870553691920576966e-03 3.238466425682418048e-02 -9.767280558662605472e-02
-4.975841363193467259e-02 -4.320666926651028916e-02 -1.192674728372367099e-02 3.602500830311328173e-02 0.000000000000000000e+00 -1.087112127032696662e-02 3.517739643575623631e-02 -2.487907722752424888e-03 6.505373419713578187e-02 1.696943197021028027e-02 7.973681535995424952e-04 7.848088042010203935e-03 -2.237620347113988828e-02 -9.003185307165040285e-03 -1.047548137944431801e-02 -5.870553691920576966e-03 3.324653734216553858e-02 6.985201564702947508e-03
3.557698421354871243e-02 2.247743872067076154e-02 2.591383984508865979e-02 9.758737295487662777e-02 0.000000000000000000e+00 -1.087112127032696662e-02 -3.390982875134795904e-02 2.246158766924111205e-02 2.059993383591063321e-02 3.868510871461694478e-02 -5.454174361034347385e-02 1.201022629766157479e-02 3.564235038174956571e-02 7.942641799567695671e-02 1.154483189020538703e-02 4.569660565721278545e-02 5.805213477469806094e-02 5.012798326390566217e-02
-6.558238891011569649e-02 6.415147598090698011e-02 2.034204534538730513e-02 1.447339563674177043e-02 0.000000000000000000e+00 -1.087112127032696662e-02 -5.517542549569043331e-02 -7.873389183714607498e-04 -6.659576946958623012e-03 -2.785018448594200891e-02 -5.110547137519461103e-03 -4.488695229838413070e-04 6.029876843740566983e-03 -2.216129264843402780e-02 -1.297301974409492686e-02 -7.482480345606745686e-02 -2.322323562111705542e-04 3.096997920874855481e-02
5.406612673141353298e-02 1.547337752708699554e-02 8.155717452609678730e-03 5.783693835473968647e-02 0.000000000000000000e+00 -1.087112127032696662e-02 7.528128579542681109e-02 1.767658427706919611e-02 1.588974395053810440e-02 -6.686217342394229490e-02 7.973681535995424952e-04 -6.725741873992774345e-03 -5.129363449850643519e-02 7.794834642118075863e-02 8.811717665957985446e-02 4.545505729220167268e-02 4.151448257834999822e-02 9.093614754419832025e-03
-7.578946011562948115e-03 8.770948231904185377e-02 -2.393511765330913477e-02 -1.452499327569967136e-03 0.000000000000000000e+00 -2.214841737804817967e-02 -2.073988794290926307e-02 -3.263545221670938190e-03 -1.103621983929770067e-02 -7.478192792461868521e-03 7.973681535995424952e-04 -1.834288527788885403e-03 -2.365559299732922227e-04 -9.003185307165040285e-03 -1.047548137944431801e-02 -5.870553691920576966e-03 1.821086827294493560e-02 3.217811190006614197e-02
-6.797607130283722654e-02 5.629512408631853759e-03 -3.548862296884180978e-02 3.021117994376254501e-02 0.000000000000000000e+00 -2.263624097577121574e-02 9.009309508837759495e-02 -1.119399640811025165e-02 -4.853172467846889049e-02 -1.600304527528351173e-02 7.973681535995424952e-04 -9.435228439542697743e-04 -9.355237245472380891e-03 -9.003185307165040285e-03 -1.047548137944431801e-02 -5.870553691920576966e-03 -1.368303551862481982e-02 5.630879430100321770e-03
3.241432156552015442e-02 4.222426279739011079e-03 -2.939362378401710885e-02 -2.662227758264634758e-02 0.000000000000000000e+00 -1.087112127032696662e-02 1.131259105750359595e-02 8.047883946346701123e-03 -4.326425027102231979e-03 -3.883669878268847242e-02 9.105849297247914365e-02 9.677500922407489270e-03 -5.091746053949464113e-02 -3.180905349290696904e-02 5.022502068186440738e-02 -9.055259306478546932e-03 -2.600304434599820524e-02 -1.787299042916856706e-03
-7.578946011562948115e-03 1.085944561896212690e-02 -3.578991356334881857e-03 -2.595141573692671955e-02 0.000000000000000000e+00 -1.087112127032696662e-02 7.410734398808926926e-02 6.314339983283900892e-03 8.540423383237794042e-03 1.057580427004722878e-02 7.973681535995424952e-04 1.210016525601531612e-02 7.818863893817251665e-03 4.822472765133056782e-02 1.727024705487565370e-01 6.693842062304611318e-02 -2.497498984666890465e-03 -1.586921087437076494e-02
7.651129048190341564e-02 -4.129845776583351835e-02 -4.045974689415743342e-02 3.427936320622393396e-02 0.000000000000000000e+00 -3.270968543802155182e-02 1.049994317950222467e-01 5.930984831593377749e-03 3.327564382198033854e-02 -7.038807160279247910e-02 1.089038149157204316e-01 -5.964688830317754764e-03 -6.722166744111746084e-03 3.991217366126420529e-02 6.966742787881230470e-03 3.739107771252747625e-03 2.976949396725103725e-02 1.178595975216012448e-02
-7.004479377064853907e-02 7.541987483455159236e-02 1.215073779621889116e-02 -2.422339250915683806e-02 0.000000000000000000e+00 -6.013042268932622392e-02 2.790734393784077838e-03 -3.382358860562817426e-03 -1.262235095782671124e-02 -9.930364480169373564e-02 7.973681535995424952e-04 -1.554506916181708220e-02 3.225356433176784776e-02 -1.160928025456087198e-02 -5.329907025952707045e-02 5.649671544597367756e-02 -1.839242897403892130e-02 -3.204458548680122476e-03
-9.177162225500978820e-02 1.915236494896817021e-01 4.506953882810194045e-02 8.541082731608184986e-02 0.000000000000000000e+00 -1.087112127032696662e-02 1.278630536435230169e-01 3.157156788802240044e-02 4.957759641456505051e-02 -6.182021321001229808e-02 7.973681535995424952e-04 2.454384103293705266e-02 -1.628702178641106002e-02 -9.003185307165040285e-03 -1.047548137944431801e-02 -5.870553691920576966e-03 2.471737610903801396e-02 5.796285074029583484e-02
-7.578946011562948115e-03 -2.320549836122154375e-02 -3.999896631512456224e-02 -7.485206853834824869e-02 0.000000000000000000e+00 -1.087112127032696662e-02 6.897971876787778456e-02 -3.329819759528618306e-03 5.305547485113493167e-02 -3.078959183903862140e-02 7.973681535995424952e-04 7.012783767549990444e-03 -1.666059699232391722e-02 -9.003185307165040285e-03 -1.047548137944431801e-02 -5.870553691920576966e-03 -4.063672889606095850e-02 -3.777341019304003567e-02
2.668746383551479084e-02 9.446225625288207084e-02 -1.337949994558584876e-02 6.780054191881390580e-02 0.000000000000000000e+00 5.601853116195343318e-02 6.626640093600144610e-02 1.933828278311011672e-03 -1.151105233202542877e-02 1.846777058062798460e-03 1.087606815426624962e-01 2.198185758970794268e-03 1.501702502355328761e-02 -2.525628671719459817e-02 1.701019494066713378e-01 1.309827101067639887e-03 4.123635026917327195e-02 3.291688867284392472e-02
-8.556683779534068890e-02 -7.066814258070053256e-02 -1.828733241654845187e-02 1.661008824885357171e-02 0.000000000000000000e+00 6.278780096465652605e-03 -1.586977483748341911e-02 -3.771657784454873763e-04 -5.565450144786154851e-02 2.027059008469223045e-03 7.973681535995424952e-04 -1.574257255015254486e-03 -6.155885093562574184e-03 -9.003185307165040285e-03 -1.047548137944431801e-02 -5.870553691920576966e-03 -1.062811978772515431e-02 -6.495513269328512251e-03
3.491248792124679312e-02 4.663747481458813127e-03 -5.156211662642817828e-02 2.639884483505738899e-02 0.000000000000000000e+00 -1.087112127032696662e-02 -2.073988794290926307e-02 -3.263545221670938190e-03 -1.103621983929770067e-02 -7.478192792461868521e-03 7.973681535995424952e-04 -1.834288527788885403e-03 -2.365559299732922227e-04 -2.694210156914778054e-02 1.767858282728411723e-01 -1.970371869492737460e-02 1.795348948144237511e-02 2.046209389663999900e-02
-7.069772014801856130e-02 -2.941453933744853089e-02 -4.381754704536433564e-02 -2.222103677195264027e-02 0.000000000000000000e+00 -3.630077084744698368e-02 -2.073988794290926307e-02 -3.263545221670938190e-03 -1.103621983929770067e-02 -7.478192792461868521e-03 7.973681535995424952e-04 -1.834288527788885403e-03 -2.365559299732922227e-04 -4.575232275237794966e-02 5.800786865074769594e-02 -6.904155781739973463e-02 -1.159976388953509741e-02 -3.474858874687924981e-02
-4.839607777830678970e-02 -9.421974771794339176e-02 -1.919183027348481119e-02 3.869962903991108760e-02 0.000000000000000000e+00 -1.087112127032696662e-02 6.124951120546029415e-02 -1.312097890604491113e-03 -1.302065973868593574e-02 -2.819846857687480224e-02 7.973681535995424952e-04 8.268150563708331902e-03 -3.911417972722119885e-02 -9.003185307165040285e-03 -1.047548137944431801e-02 -5.870553691920576966e-03 1.630444576403533574e-02 -2.161745516605151352e-02
7.534023794323729817e-02 1.206881537491426570e-01 -2.181016718282080546e-03 -1.199589419411495328e-02 0.000000000000000000e+00 -9.697008405055385083e-03 1.380178729668841697e-01 -1.150382333435118198e-03 4.838131469637119153e-02 -2.686346304290054832e-02 4.671095352841803106e-02 -9.370785760438593570e-04 -5.896086434518110764e-02 5.154209637839812785e-02 -6.075857635369175114e-02 -1.684084166481625289e-02 -2.036003123976115603e-03 -2.497786340245511383e-02
5.272750238032131165e-02 -5.092737828090321273e-02 3.641004987002816051e-02 6.458056304836645722e-05 0.000000000000000000e+00 -3.070116124581545591e-02 -4.729097745439503342e-02 5.410114115875330754e-03 4.291968705365434289e-02 -6.923890804500842933e-02 2.109172170275996905e-02 8.484680392939480953e-03 2.226856208244498703e-02 -9.003185307165040285e-03 -1.047548137944431801e-02 -5.870553691920576966e-03 2.017183812586154090e-02 -3.902813363129098434e-02
-7.578946011562948115e-03 9.503657663481135387e-02 -3.982547127634461503e-05 3.629988323427824071e-02 0.000000000000000000e+00 -1.087112127032696662e-02 -2.073988794290926307e-02 -3.263545221670938190e-03 -1.103621983929770067e-02 -7.478192792461868521e-03 7.973681535995424952e-04 -1.834288527788885403e-03 -2.365559299732922227e-04 -9.003185307165040285e-03 -1.047548137944431801e-02 -5.870553691920576966e-03 7.588647234570089495e-03 3.710937536743585952e-02
-7.578946011562948115e-03 -7.776306408413802274e-02 -1.824307302740635350e-02 -8.919964551751036197e-03 0.000000000000000000e+00 -1.087112127032696662e-02 -2.073988794290926307e-02 -3.263545221670938190e-03 -1.103621983929770067e-02 -7.478192792461868521e-03 7.973681535995424952e-04 -1.834288527788885403e-03 -2.365559299732922227e-04 -9.003185307165040285e-03 -1.047548137944431801e-02 -5.870553691920576966e-03 -3.945922807361057494e-03 -1.446412075438274769e-02
3.198952988896053284e-03 3.210671689157607034e-02 1.007845189997169655e-02 8.669728198583470657e-03 0.000000000000000000e+00 -1.087112127032696662e-02 1.118931186647387221e-01 2.636765764327719808e-02 5.317032380844466388e-02 9.129669398589612683e-03 7.973681535995424952e-04 1.491574044848675840e-03 -3.211858356735319830e-03 -9.003185307165040285e-03 -1.047548137944431801e-02 -5.870553691920576966e-03 -1.857417803148564417e-02 -8.972865878604352474e-03
-5.859497570190796978e-02 -8.450573371874270379e-02 -1.001557962786137068e-02 5.220075516990618780e-02 0.000000000000000000e+00 -1.087112127032696662e-02 -2.073988794290926307e-02 -3.263545221670938190e-03 -1.103621983929770067e-02 -7.478192792461868521e-03 7.973681535995424952e-04 -1.834288527788885403e-03 -2.365559299732922227e-04 9.306567515523056500e-03 8.588226477149873972e-02 6.379174395533482311e-02 -3.201986102794762701e-03 1.905765212541155051e-02
-7.343220504844794050e-02 -3.047646446702856338e-03 1.386796014685387490e-03 7.105839854193618521e-02 0.000000000000000000e+00 -3.239876935822394444e-02 -4.617624266302300384e-02 -3.573816986829569942e-03 -1.494275704317260534e-03 -4.325514588856549381e-02 7.973681535995424952e-04 1.624329509695598972e-03 7.018739760951575590e-03 3.415069919174129609e-02 1.873111375316511840e-01 1.020332496773335151e-02 3.064297468517906964e-02 2.795930840147775598e-02
2.018968946777022211e-02 -1.362319656618637964e-02 -2.931096836618962698e-02 -6.158124338980996981e-03 0.000000000000000000e+00 -1.087112127032696662e-02 -2.073988794290926307e-02 -3.263545221670938190e-03 -1.103621983929770067e-02 -7.478192792461868521e-03 7.973681535995424952e-04 -1.834288527788885403e-03 -2.365559299732922227e-04 2.586099801555974409e-02 9.559181412441830616e-03 4.480212166890851222e-02 8.309192191518377513e-03 -1.895363831135910004e-02
-4.953530086368118646e-02 8.223733674640243407e-02 1.964971575216623023e-02 -7.702579521719599143e-02 0.000000000000000000e+00 -9.189857191449846141e-02 1.439389665611088276e-01 -1.313674469201941974e-02 7.401306317842681892e-02 -3.024535459553590044e-02 6.705283196424716152e-03 -1.298756788060018152e-02 -7.153194314469146775e-03 4.609223121406103019e-02 1.824197318092046771e-01 -4.268114075966877863e-02 -3.928339784761192277e-02 5.853951679455349222e-03
-6.965361334005137905e-02 -2.977377093702671118e-02 -3.572851112221542280e-02 3.117361336899193702e-02 0.000000000000000000e+00 -8.204619831303716637e-03 -2.073988794290926307e-02 -3.263545221670938190e-03 -1.103621983929770067e-02 -7.478192792461868521e-03 7.973681535995424952e-04 -1.834288527788885403e-03 -2.365559299732922227e-04 -9.003185307165040285e-03 -1.047548137944431801e-02 -5.870553691920576966e-03 -3.219866555991757195e-02 9.757623483892530203e-03
5.053975337432348169e-02 -8.155229258045437746e-02 -5.402824550219520461e-02 -1.171006309868971584e-02 0.000000000000000000e+00 -1.036109085471252911e-01 -2.073988794290926307e-02 -3.263545221670938190e-03 -1.103621983929770067e-02 -7.478192792461868521e-03 7.973681535995424952e-04 -1.834288527788885403e-03 -2.365559299732922227e-04 -6.714783885399810970e-03 1.819998854152800050e-01 -1.979607593210630512e-02 -1.457575647054909496e-02 -1.681845045823138207e-02
-7.578946011562948115e-03 -5.142689914919174043e-03 -4.648028574774798471e-02 5.769526687072357163e-02 0.000000000000000000e+00 2.233460965362610295e-02 -2.073988794290926307e-02 -3.263545221670938190e-03 -1.103621983929770067e-02 -7.478192792461868521e-03 7.973681535995424952e-04 -1.834288527788885403e-03 -2.365559299732922227e-04 -5.773981893435120583e-02 1.179547847823414486e-02 -6.617159591769450344e-03 4.227600064405123703e-02 2.162269351811119122e-02
-7.578946011562948115e-03 -5.766465649321617093e-02 2.330550825718091801e-03 6.705637901177396998e-03 0.000000000000000000e+00 -1.087112127032696662e-02 1.249134904428501613e-01 1.045502389320063230e-02 9.379676906519307522e-02 -2.500070747873905930e-02 7.973681535995424952e-04 2.721899485436551913e-03 1.990311074223427568e-03 9.512170582638646010e-03 -4.521455829217302380e-02 3.440689408796515636e-02 9.030717364112206269e-03 -3.226347079180413857e-02
-7.578946011562948115e-03 -9.163831332443805877e-02 -3.611072042735941068e-02 1.801820782566210255e-02 0.000000000000000000e+00 -1.087112127032696662e-02 -2.073988794290926307e-02 -3.263545221670938190e-03 -1.103621983929770067e-02 -7.478192792461868521e-03 7.973681535995424952e-04 -1.834288527788885403e-03 -2.365559299732922227e-04 -9.003185307165040285e-03 -1.047548137944431801e-02 -5.870553691920576966e-03 3.890805025002919137e-02 -1.661431410389013763e-02
1.361659987787788850e-02 9.387532724758784752e-02 4.474380881674733246e-03 7.554547826293855906e-02 0.000000000000000000e+00 -3.371933716698549688e-02 -2.138545378875278402e-02 2.282901862690778216e-02 2.108470191888045520e-02 3.699265528575779172e-02 5.216511165053816512e-02 9.990970203944016248e-03 -4.605565117230980832e-03 8.287739188926934730e-02 1.699730604832438985e-01 4.356790909378105425e-02 1.571569021507457364e-02 -1.140608154014444153e-02
1.094343482091062469e-01 2.962278073118795874e-02 -2.577570945868501440e-02 -5.731188334175385535e-02 0.000000000000000000e+00 8.157293650583596900e-04 1.271715838083764538e-01 1.139791793531230724e-02 9.208029485307633877e-03 1.812132173654390499e-02 7.973681535995424952e-04 3.549318396835587919e-03 -7.481897368279533111e-03 -9.003185307165040285e-03 -1.047548137944431801e-02 -5.870553691920576966e-03 -4.352449878422248730e-02 5.333952982255141251e-02
2.955864519753959030e-02 2.178999170591850998e-01 -1.687044320351560600e-02 3.794951964118808974e-02 0.000000000000000000e+00 4.777428912348113954e-03 -2.073988794290926307e-02 -3.263545221670938190e-03 -1.103621983929770067e-02 -7.478192792461868521e-03 7.973681535995424952e-04 -1.834288527788885403e-03 -2.365559299732922227e-04 -9.003185307165040285e-03 -1.047548137944431801e-02 -5.870553691920576966e-03 3.259143176546785980e-02 -2.079089691164881515e-02
-7.578946011562948115e-03 1.136641863995464519e-01 -2.721075564977581962e-02 4.095665639033541083e-02 0.000000000000000000e+00 3.989274671403109096e-02 8.118822184042073786e-02 1.844452186833223095e-02 3.220883282119757496e-02 2.831606911240669433e-02 7.973681535995424952e-04 5.985575768136186525e-03 1.967639375743601704e-02 9.023570810995806823e-03 8.355872225365601480e-03 2.123412764194654301e-02 3.178593464326695539e-02 -3.947540828812634572e-02
3.127491581290087197e-02 -7.489691282216881518e-02 -2.180231234160601161e-02 -3.351325669791549444e-02 0.000000000000000000e+00 -1.087112127032696662e-02 7.465285172656876966e-03 -2.324937283356121043e-02 -2.734333945409161970e-02 -4.883353096738574095e-02 7.973681535995424952e-04 9.375591732805332867e-03 2.962594292739595403e-03 -9.003185307165040285e-03 -1.047548137944431801e-02 -5.870553691920576966e-03 -7.711173095231060870e-03 -1.360355755605269223e-02
-7.578946011562948115e-03 -4.536043500047526322e-02 -1.937749812668698723e-02 -1.482919009986289893e-01 0.000000000000000000e+00 -1.087112127032696662e-02 -2.073988794290926307e-02 -3.263545221670938190e-03 -1.103621983929770067e-02 -7.478192792461868521e-03 7.973681535995424952e-04 -1.834288527788885403e-03 -2.365559299732922227e-04 -9.003185307165040285e-03 -1.047548137944431801e-02 -5.870553691920576966e-03 -1.464250406934297644e-02 2.403255328317754902e-03
-9.833265047200256959e-02 1.153190794775582617e-01 -3.537151879572775215e-02 7.596940431540133432e-03 0.000000000000000000e+00 -1.087112127032696662e-02 -2.073988794290926307e-02 -3.263545221670938190e-03 -1.103621983929770067e-02 -7.478192792461868521e-03 7.973681535995424952e-04 -1.834288527788885403e-03 -2.365559299732922227e-04 -3.344747843038931023e-02 -1.793306902982294559e-03 -5.585139383583737072e-02 2.457467486237874255e-03 -7.407474886167619843e-02
-7.578946011562948115e-03 -1.626667823529714951e-01 -4.201709495646355208e-02 8.510441439284477383e-04 0.000000000000000000e+00 -4.381608756375499070e-02 -2.073988794290926307e-02 -3.263545221670938190e-03 -1.103621983929770067e-02 -7.478192792461868521e-03 7.973681535995424952e-04 -1.834288527788885403e-03 -2.365559299732922227e-04 -9.003185307165040285e-03 -1.047548137944431801e-02 -5.870553691920576966e-03 -9.556088243698468432e-03 -1.173527714672673028e-02
4.338618129986571148e-02 -3.712643230937828775e-02 3.328253633753774920e-03 -7.777634273224975914e-04 0.000000000000000000e+00 2.014137241712887771e-02 -5.792038358049467206e-02 1.570402273500803858e-04 1.148087557521648705e-02 -4.928433010354638100e-02 1.065831176456413232e-01 2.502697353520488832e-02 8.073434510151855648e-03 -9.003185307165040285e-03 -1.047548137944431801e-02 -5.870553691920576966e-03 2.086910844468548021e-02 -3.303045289032979781e-02
8.262622297456800879e-02 1.020301141288655344e-01 2.610627405010745861e-02 1.332338702013657894e-03 0.000000000000000000e+00 -1.087112127032696662e-02 9.118398216560308356e-02 -5.397671108312351862e-03 -9.022669146361295134e-03 -4.976321471986011602e-02 7.973681535995424952e-04 1.000424475296313176e-02 2.798275394889060408e-02 -1.644002475950401276e-02 4.056932921230327338e-03 -7.117856428521918133e-03 -5.005544966024899622e-03 5.084290419563330943e-02
5.634601180327081238e-02 5.055786641969461925e-02 -2.270547973967040889e-02 -8.771772409090772271e-04 0.000000000000000000e+00 -1.087112127032696662e-02 -2.962936981930397451e-03 -1.083297138393390924e-03 4.602966471907166124e-02 -5.732348783567431383e-03 7.973681535995424952e-04 -1.321523746537422994e-02 -3.822600696366862394e-02 -9.735439779433363583e-03 -3.048019615107477875e-02 -3.573282699628066439e-02 1.253238143908674829e-02 -4.439355349677498452e-02
2.476850507810013369e-02 5.073119882581522688e-02 -4.147219827200387954e-02 5.002709451946429908e-02 0.000000000000000000e+00 -1.024306148337927880e-02 5.511036640291422373e-02 3.612206438219800475e-03 -4.367445687239523977e-02 -1.452666727095675014e-02 7.973681535995424952e-04 4.560874114758917131e-03 -5.731610664952313527e-03 -1.142112188972532749e-03 1.776016413705292507e-01 3.877025317706284113e-02 3.297078822924959240e-02 1.282334844654542394e-02
-7.578946011562948115e-03 1.530483460394407302e-01 -1.087171287326782476e-02 7.046708794132428011e-02 0.000000000000000000e+00 -1.087112127032696662e-02 1.375194140018720645e-01 -2.317921307621872984e-03 8.651184109476162121e-02 -6.143797072581946850e-04 7.973681535995424952e-04 -1.488146562951442320e-02 4.864075798809608386e-02 -2.373945582621672656e-02 -3.911037233365277643e-03 -5.663562912741326727e-02 3.970721164023416350e-02 2.154439995865686797e-02
8.203739711098023690e-02 -1.262894708852400072e-01 -3.971607744460925460e-03 2.121833004548534518e-02 0.000000000000000000e+00 -2.964660776058281044e-03 -2.796766239043790847e-03 -2.420527910544478800e-02 -5.917387629415316042e-02 -7.290801893395837396e-02 9.599574304229463451e-02 -3.941817631130106747e-04 1.414657926579820924e-02 -9.003185307165040285e-03 -1.047548137944431801e-02 -5.870553691920576966e-03 2.847561788075836375e-02 -1.457533682423672872e-02
6.101328443423881254e-02 -1.845590761240600841e-01 -2.778431425485905493e-02 -8.700619784576701932e-03 0.000000000000000000e+00 -1.896361573017202318e-04 7.969266727559443098e-02 -7.100824424924212508e-03 -4.568787957305175951e-02 -4.416622618737164885e-02 4.124530139779380988e-02 3.135121927243744722e-03 3.384197082482387486e-03 -3.183722162430058233e-02 1.792239249480189756e-01 3.412445402696917540e-02 1.610227591299917549e-02 -1.113763252578792162e-02
-7.578946011562948115e-03 3.846912501467159018e-02 1.545782915854942985e-02 5.964900920662330464e-02 0.000000000000000000e+00 -4.031297434266889468e-02 1.452046192716807127e-01 1.972730296756708412e-03 1.180134206724687829e-01 -3.027651785669149831e-02 7.973681535995424952e-04 7.788937505097237590e-03 7.035468635876895860e-03 -9.003185307165040285e-03 -1.047548137944431801e-02 -5.870553691920576966e-03 4.030015216630999930e-02 -5.052821135905105621e-03
4.651508400388593145e-02 1.600901381752919406e-01 -5.270178783621304319e-02 1.680224136725883000e-02 0.000000000000000000e+00 -6.681269696673552971e-02 -2.073988794290926307e-02 -3.263545221670938190e-03 -1.103621983929770067e-02 -7.478192792461868521e-03 7.973681535995424952e-04 -1.834288527788885403e-03 -2.365559299732922227e-04 5.325767284466564888e-02 -1.306515588512411341e-01 4.179797477991087362e-02 5.582995568602200365e-03 4.882647478370927274e-02
-4.390353165581473149e-02 1.467246848023933126e-01 -1.147991550169535913e-02 3.040159700321964920e-02 0.000000000000000000e+00 -6.976581120034097694e-02 6.256305076385615394e-02 -4.294877478241687641e-02 -8.178081094229128212e-03 1.016918704408453777e-03 7.973681535995424952e-04 -3.599386986763875029e-03 1.763531013239116874e-03 -9.003185307165040285e-03 -1.047548137944431801e-02 -5.870553691920576966e-03 2.613857366668526083e-02 -1.005383688607253134e-03
-6.253279803058831021e-02 -7.258594815721153282e-02 -1.484000944788022025e-02 3.437489403950166889e-03 0.000000000000000000e+00 -3.324005437366395199e-02 -2.170937070513900835e-02 8.881357668542477768e-03 2.321808178385253996e-02 -1.188601768444641493e-02 7.973681535995424952e-04 -1.724556573321933683e-02 -7.952950112667167559e-03 -9.003185307165040285e-03 -1.047548137944431801e-02 -5.870553691920576966e-03 7.891985481364827137e-03 -2.164459564392018365e-02
-8.363096429707184143e-02 -1.697396149847918423e-02 8.664107754157157615e-03 4.293111003698868444e-02 0.000000000000000000e+00 -1.698475312849723196e-02 -2.073988794290926307e-02 -3.263545221670938190e-03 -1.103621983929770067e-02 -7.478192792461868521e-03 7.973681535995424952e-04 -1.834288527788885403e-03 -2.365559299732922227e-04 -9.003185307165040285e-03 -1.047548137944431801e-02 -5.870553691920576966e-03 5.516304001503158361e-03 1.939479849170311354e-03
-4.894404516380745918e-02 1.997908159319194965e-01 7.970160999320796691e-02 5.696536837785970420e-02 0.000000000000000000e+00 1.007464453869033605e-02 7.094237129967950750e-02 -1.642831832941737957e-02 2.075261051686538849e-02 -2.168762753240116581e-02 7.973681535995424952e-04 -1.500154242967255414e-02 1.235088240628101630e-02 2.742384100565686822e-02 -3.278309401503065601e-02 -1.251128173316828907e-02 1.444313810861785896e-02 2.797139310996499262e-02
6.407338742428692058e-02 2.976159568788716570e-02 -3.655859274658723734e-02 -3.888520834152586758e-03 0.000000000000000000e+00 3.837241111796174664e-03 1.381313776801107451e-01 -3.066901640096375559e-03 1.146007006027502939e-01 6.756020647685545555e-03 7.973681535995424952e-04 -3.762256292759502685e-03 -1.058626867234124802e-03 -9.003185307165040285e-03 -1.047548137944431801e-02 -5.870553691920576966e-03 -7.083074564434355125e-03 -8.906618777473340742e-03
7.840525477922710706e-02 7.474595573785336455e-02 1.830420438045621268e-02 -4.776966525059833657e-02 0.000000000000000000e+00 -1.680511343874968588e-02 1.120912851911270991e-01 1.748204350406012964e-03 -1.448312292632181197e-02 -4.724873998338807723e-02 7.973681535995424952e-04 -6.751714670826913789e-03 -3.832558024669197039e-03 7.366247113532153890e-02 -4.737067752648727037e-02 6.732790739260963164e-02 -1.028167240974653396e-02 -2.123826355091296136e-02
4.312898594798753038e-02 -3.466060785649460740e-02 -4.393252950649184640e-03 -6.491287286189617589e-02 0.000000000000000000e+00 -1.087112127032696662e-02 -2.187788373703369871e-02 -1.628671956495963968e-03 -3.687892926973290741e-02 -4.558360737064504065e-02 7.973681535995424952e-04 2.071852215522085316e-03 -6.430046688649326825e-02 -9.003185307165040285e-03 -1.047548137944431801e-02 -5.870553691920576966e-03 -3.821634979976806790e-02 -4.211683909852581564e-02
-7.578946011562948115e-03 6.889466370557784103e-02 1.336124852241482586e-02 5.627305190500919707e-02 0.000000000000000000e+00 2.312658527807798237e-02 1.788549647790205199e-02 8.118998010104405694e-03 1.513018159243983973e-02 7.624350832884374540e-03 7.973681535995424952e-04 -1.283823943140305346e-03 3.120311310999568377e-02 1.738540746146099991e-02 9.449015580776176648e-02 -6.081319038912624819e-02 -8.364098266611108556e-03 5.770533898328267242e-02
-7.578946011562948115e-03 -3.306060239992802963e-03 -3.530754989424167434e-02 -4.668895036957110278e-03 0.000000000000000000e+00 1.024045397298323223e-02 -2.073988794290926307e-02 -3.263545221670938190e-03 -1.103621983929770067e-02 -7.478192792461868521e-03 7.973681535995424952e-04 -1.834288527788885403e-03 -2.365559299732922227e-04 3.345408796485571656e-02 1.489419201152486494e-02 -2.666435932314925594e-02 2.820608738875307608e-02 6.613410798308905214e-03
-7.578946011562948115e-03 4.339340733167773578e-02 -1.998285788158682408e-02 7.488374900276539847e-03 0.000000000000000000e+00 -1.087112127032696662e-02 -2.073988794290926307e-02 -3.263545221670938190e-03 -1.103621983929770067e-02 -7.478192792461868521e-03 7.973681535995424952e-04 -1.834288527788885403e-03 -2.365559299732922227e-04 -9.003185307165040285e-03 -1.047548137944431801e-02 -5.870553691920576966e-03 -1.595981083028163994e-02 -1.891575056981764646e-02
4.750458999478723854e-02 2.251888472346763592e-01 7.232753701828187332e-02 1.152718415651179384e-01 0.000000000000000000e+00 -1.087112127032696662e-02 -3.399486705166054890e-02 5.593169581061374629e-03 3.993772924877703190e-02 4.218306178881903179e-02 7.973681535995424952e-04 7.422957471590052592e-04 2.153698127540337737e-02 5.898177090421086177e-02 -2.134395113534992561e-02 -2.585554729625982873e-02 3.266634444116789382e-02 2.541070871666306630e-02
-9.100570763257564977e-02 2.417263269380782731e-01 4.813831435239990242e-02 5.662371408470789902e-02 0.000000000000000000e+00 1.846978947651223280e-02 1.020495915490755579e-01 -1.129842340372988474e-02 3.690507058513503580e-02 3.267773622792446986e-02 8.576755301601224346e-02 3.466936850600177422e-04 -1.019774523865635274e-02 5.515529267722740769e-02 -4.579818730417173356e-02 1.082325416064122692e-03 1.249936320709821302e-02 5.011106293386546895e-02
-4.388441944684018381e-02 1.390764099960506428e-01 -2.294893403404785204e-02 -4.217330904612026643e-02 0.000000000000000000e+00 -3.781426934438059106e-02 4.821125618764199317e-02 2.730266050292584623e-03 1.415381550032179803e-02 -5.061653533630305901e-02 9.833633392554474995e-02 2.477807728064362891e-02 2.947872905042459024e-02 -1.167293268326830002e-02 1.903328068328846712e-02 -4.027576957014389336e-02 -8.358049853995908052e-03 2.502019502207986079e-02
-7.578946011562948115e-03 -8.874662540620192885e-03 1.052634346342529170e-02 1.116113104217220098e-02 0.000000000000000000e+00 -1.087112127032696662e-02 -2.073988794290926307e-02 -3.263545221670938190e-03 -1.103621983929770067e-02 -7.478192792461868521e-03 7.973681535995424952e-04 -1.834288527788885403e-03 -2.365559299732922227e-04 -9.003185307165040285e-03 -1.047548137944431801e-02 -5.870553691920576966e-03 6.441625380830373615e-03 2.647071463024985860e-02
2.523253946492332034e-03 -7.494290170143358409e-03 9.863513673735724296e-03 -4.695744429773185402e-02 0.000000000000000000e+00 -1.087112127032696662e-02 -2.073988794290926307e-02 -3.263545221670938190e-03 -1.103621983929770067e-02 -7.478192792461868521e-03 7.973681535995424952e-04 -1.834288527788885403e-03 -2.365559299732922227e-04 -9.003185307165040285e-03 -1.047548137944431801e-02 -5.870553691920576966e-03 -3.022946801866055466e-02 -2.769744801480555907e-02
3.782120753021445125e-02 6.806534483985160477e-02 3.151053781130030984e-02 -4.328496048401575536e-03 0.000000000000000000e+00 4.635558862719335593e-02 1.064136673303437419e-01 -6.367912813971088326e-03 -1.159193692728877068e-02 3.729842982238551485e-02 7.973681535995424952e-04 1.479104823374655098e-03 -3.157602485407551285e-02 -1.477120331401238218e-04 1.770809095833101310e-01 1.133661229141580407e-02 6.735515307809691876e-05 5.591399559853016399e-02
6.423955965146888047e-02 -1.259686236153356731e-03 -5.326479065843159333e-03 -2.698247049556812271e-02 0.000000000000000000e+00 1.460041027104352906e-02 3.753381340538908262e-02 1.044078426434680296e-02 1.762850330305809621e-02 2.450495685479836538e-03 7.973681535995424952e-04 1.204754944137675921e-02 -6.021569097356405109e-02 -9.003185307165040285e-03 -1.047548137944431801e-02 -5.870553691920576966e-03 -1.900637121798354201e-02 -3.770563153784678434e-02
-7.578946011562948115e-03 1.529203633181168698e-01 6.291323098412249237e-02 -3.992495618877001107e-02 0.000000000000000000e+00 3.961002035703131696e-02 -4.037306566897314042e-02 -2.186674038784985896e-02 -4.607771785231307149e-02 5.869665888894814998e-03 7.973681535995424952e-04 7.893724277892033570e-03 7.908764396233891603e-03 4.607210514495818643e-02 1.263382736724452116e-01 1.216368717723526061e-02 -6.482975157268811017e-03 7.133761423756368458e-02
-2.871460629830835387e-02 1.546574780295486562e-01 6.983779904840048403e-02 9.710667370927694719e-02 0.000000000000000000e+00 -1.087112127032696662e-02 -2.073988794290926307e-02 -3.263545221670938190e-03 -1.103621983929770067e-02 -7.478192792461868521e-03 7.973681535995424952e-04 -1.834288527788885403e-03 -2.365559299732922227e-04 -9.003185307165040285e-03 -1.047548137944431801e-02 -5.870553691920576966e-03 6.438074567995499820e-02 5.510165018858970143e-02
-6.506214273940713611e-03 -1.029381615371676162e-01 1.911512485185085097e-02 4.554192672912904527e-02 0.000000000000000000e+00 -1.087112127032696662e-02 -6.152380515413824469e-02 3.157005326784201316e-02 -2.247963575337053044e-02 -6.594932443840662017e-02 7.973681535995424952e-04 -3.735492173973398167e-03 -1.608058878605334030e-02 -9.003185307165040285e-03 -1.047548137944431801e-02 -5.870553691920576966e-03 2.462079138967965264e-02 -1.279025220082985470e-02
-7.578946011562948115e-03 -4.814612247901095543e-02 8.374341422950237757e-03 9.412310954940039665e-02 0.000000000000000000e+00 -1.087112127032696662e-02 -2.073988794290926307e-02 -3.263545221670938190e-03 -1.103621983929770067e-02 -7.478192792461868521e-03 7.973681535995424952e-04 -1.834288527788885403e-03 -2.365559299732922227e-04 -9.003185307165040285e-03 -1.047548137944431801e-02 -5.870553691920576966e-03 5.513591236376669258e-02 6.770413890808413271e-02
1.105318591980903875e-01 -7.307898871476936620e-02 2.541327409562654793e-02 3.035040811482758727e-02 0.000000000000000000e+00 -1.087112127032696662e-02 2.238239833968691528e-02 -1.562811415658416081e-02 -2.706341749944840558e-02 5.343065081251552328e-02 1.109608947881497443e-01 6.985431696193700191e-03 1.015420921703480417e-02 -5.070972035900922492e-02 1.780467016187685658e-01 -9.277468533582577948e-02 1.581987860845401883e-03 -3.784843920448111021e-02
-7.578946011562948115e-03 3.958117071670130827e-02 2.683434794744243845e-02 8.103299241156491917e-03 0.000000000000000000e+00 -1.804700786306057125e-02 -2.073988794290926307e-02 -3.263545221670938190e-03 -1.103621983929770067e-02 -7.478192792461868521e-03 7.973681535995424952e-04 -1.834288527788885403e-03 -2.365559299732922227e-04 -9.003185307165040285e-03 -1.047548137944431801e-02 -5.870553691920576966e-03 -1.942526501807151362e-02 1.756401927832484944e-02
7.819221125896547164e-02 -2.016130339411574823e-01 -1.330339749347331235e-02 1.719064895587507635e-02 0.000000000000000000e+00 -1.087112127032696662e-02 -2.073988794290926307e-02 -3.263545221670938190e-03 -1.103621983929770067e-02 -7.478192792461868521e-03 7.973681535995424952e-04 -1.834288527788885403e-03 -2.365559299732922227e-04 -3.707657101040240377e-02 -3.230302805968676694e-02 -4.627694161717954557e-02 1.778776314404240111e-02 -8.218147222578409128e-03
1.343145467529893722e-02 2.323190304787203786e-01 2.310285059911620920e-02 1.109967461616179207e-02 0.000000000000000000e+00 -3.724017832610115875e-03 1.217334190478140954e-01 9.345739915715967072e-03 2.849672508727962850e-02 -1.059918728969932999e-02 7.973681535995424952e-04 7.617218489031074569e-04 2.122269816754851490e-02 5.207485066785011441e-02 1.746628195323864929e-01 -1.683097794739296660e-02 2.237353855161927640e-02 6.127131190442014486e-02
8.560016539195203222e-02 -8.221741639317770023e-02 1.257137431639421266e-02 2.311215627560159191e-02 0.000000000000000000e+00 -1.226133754244074225e-02 -2.073988794290926307e-02 -3.263545221670938190e-03 -1.103621983929770067e-02 -7.478192792461868521e-03 7.973681535995424952e-04 -1.834288527788885403e-03 -2.365559299732922227e-04 -9.003185307165040285e-03 -1.047548137944431801e-02 -5.870553691920576966e-03 2.622588061603892129e-02 -5.042060294363182038e-02
8.473595784016652033e-02 -1.185368548176484182e-01 -7.847325466354959644e-02 5.691645023034652695e-03 0.000000000000000000e+00 6.762492633242800366e-03 1.087485993048176169e-01 2.527566442313400330e-02 -1.089528240845538676e-02 -2.824594386765966192e-03 7.973681535995424952e-04 -2.818399508578295354e-02 1.109884659672388807e-02 -1.644701334589626640e-02 6.785301603940752102e-03 -3.232371942067402415e-02 2.808634074790461455e-02 5.412239967154164333e-02
-7.578946011562948115e-03 1.858612534488202073e-01 7.777388320391764864e-03 1.728843980163219385e-02 0.000000000000000000e+00 -1.087112127032696662e-02 -2.073988794290926307e-02 -3.263545221670938190e-03 -1.103621983929770067e-02 -7.478192792461868521e-03 7.973681535995424952e-04 -1.834288527788885403e-03 -2.365559299732922227e-04 -9.003185307165040285e-03 -1.047548137944431801e-02 -5.870553691920576966e-03 -1.206030849971284624e-03 5.922352012839837698e-02
-3.384301190726546338e-02 -7.660260420198028442e-02 5.321683920556097291e-03 6.539139855340181384e-02 0.000000000000000000e+00 3.155889156914781779e-02 1.222702220547944307e-01 -1.573484466962327133e-02 1.180352684605168179e-02 3.037297605987987481e-02 7.973681535995424952e-04 3.354933789069036720e-03 -1.893474231656000484e-02 3.606224523537093773e-02 7.216346693849118310e-02 -6.161061204511497635e-02 1.876941253317454539e-02 -5.792307304318455863e-03
1.659510102126660058e-02 6.097424873587442562e-03 -4.481179602953488939e-02 -1.341993102323613130e-02 0.000000000000000000e+00 -1.087112127032696662e-02 -2.230533672991441563e-02 2.433848341752309352e-03 -2.042585334493196569e-02 -8.846326149523520144e-03 7.973681535995424952e-04 7.088707553975837072e-03 -6.337649377928755712e-02 -9.003185307165040285e-03 -1.047548137944431801e-02 -5.870553691920576966e-03 -5.323278712239698507e-03 -6.263829831550538074e-02
-7.578946011562948115e-03 3.789726652757963166e-02 -5.865620305121410638e-02 1.553474866886972450e-02 0.000000000000000000e+00 -1.035682393685419811e-01 -2.073988794290926307e-02 -3.263545221670938190e-03 -1.103621983929770067e-02 -7.478192792461868521e-03 7.973681535995424952e-04 -1.834288527788885403e-03 -2.365559299732922227e-04 3.685616721850237809e-02 1.828580488981970120e-01 -4.239228266487771180e-02 1.798697485355660319e-02 -7.755469312542118132e-03
-6.618564778455038322e-02 -6.537136378756258637e-02 -4.914252135858987458e-02 2.491130307396360877e-02 0.000000000000000000e+00 -1.087112127032696662e-02 -2.073988794290926307e-02 -3.263545221670938190e-03 -1.103621983929770067e-02 -7.478192792461868521e-03 7.973681535995424952e-04 -1.834288527788885403e-03 -2.365559299732922227e-04 -9.003185307165040285e-03 -1.047548137944431801e-02 -5.870553691920576966e-03 8.961703811507959472e-03 2.361749056944972835e-03
-7.578946011562948115e-03 1.007691880840866361e-02 1.630563674370932858e-02 -1.045600263314554468e-01 0.000000000000000000e+00 -1.087112127032696662e-02 -9.387603178765857592e-03 -1.670000316335062962e-02 -2.522565327751635778e-04 -2.803837565079447813e-02 7.973681535995424952e-04 1.878352099402036401e-02 -2.365559299732922227e-04 -9.003185307165040285e-03 -1.047548137944431801e-02 -5.870553691920576966e-03 -4.830024036164104473e-02 -3.035351812832232099e-02
-7.578946011562948115e-03 2.883825791650451720e-02 -1.620716119032294955e-02 3.368294224583223695e-02 0.000000000000000000e+00 -1.478800957556813955e-02 -2.073988794290926307e-02 -3.263545221670938190e-03 -1.103621983929770067e-02 -7.478192792461868521e-03 7.973681535995424952e-04 -1.834288527788885403e-03 -2.365559299732922227e-04 -9.003185307165040285e-03 -1.047548137944431801e-02 -5.870553691920576966e-03 1.942224942467873916e-03 2.067674917634576559e-02
2.517351468532069703e-02 -6.093170304666273296e-05 -2.511670519925246481e-02 9.604288494301727042e-03 0.000000000000000000e+00 -2.474205444741528481e-03 1.374090324952703668e-01 1.632726418802121771e-02 3.486158823216101155e-02 4.500061168346292106e-02 -1.143225520422674890e-01 1.802340425307136229e-03 3.288546724434127100e-03 2.721119482885114849e-03 1.929354933236027136e-01 -3.456020726909514451e-02 -1.959762329715886153e-02 -1.862764321413123980e-02
-1.397849357235827483e-01 -2.450518894438573625e-01 -2.501791609029169194e-02 -3.709175410767784342e-02 0.000000000000000000e+00 -1.087112127032696662e-02 -1.287814502866240218e-01 8.640326108434237540e-03 -9.071064476302126423e-03 -2.926017743175179930e-02 7.973681535995424952e-04 2.067418834940326633e-02 1.675764582614647225e-02 3.598550267759037524e-02 -9.041454599355347455e-03 -1.238404263494885527e-02 -3.964060554426396266e-02 -4.109185808465554146e-02
-2.058092011066037230e-02 2.127016960548644420e-02 3.343784072978905897e-02 -4.865129430982051417e-04 0.000000000000000000e+00 -1.562731215017265640e-02 1.287590851798086078e-01 -6.002303018249222077e-03 -1.468580740038305521e-05 -3.885688685113564134e-02 7.973681535995424952e-04 -7.203092728968130132e-03 -2.685417485736252274e-03 8.222263770153404039e-02 1.397610653330048081e-01 4.080815618726774119e-02 -9.211259861331200227e-03 2.064471718085769680e-02
-2.547887909895507619e-02 1.065889515921298880e-01 -8.417274405815078353e-03 -1.172881389175017830e-02 0.000000000000000000e+00 2.885832958781975321e-02 1.136663974521070486e-01 -6.558745628353790380e-03 3.742036811672733165e-02 -1.337812012388894800e-02 7.973681535995424952e-04 -9.452880246954009635e-04 1.464978126659843838e-02 -9.003185307165040285e-03 -1.047548137944431801e-02 -5.870553691920576966e-03 -3.820206632826739224e-02 2.776186935079749674e-03
-7.115114822590840049e-02 6.268675937371881446e-02 -1.341051565759698860e-02 3.200499935428524623e-02 0.000000000000000000e+00 4.573853063993738033e-02 1.433927823018166237e-01 1.746036775784887141e-04 9.371195846142654773e-02 2.392980604827243951e-02 7.973681535995424952e-04 7.649351113713009909e-03 1.236529275138309458e-02 -9.003185307165040285e-03 -1.047548137944431801e-02 -5.870553691920576966e-03 -3.864889029500773177e-03 6.583404169214190915e-02
-7.578946011562948115e-03 4.998892203730065376e-03 -3.361434961698250845e-02 -1.078134554481948726e-01 0.000000000000000000e+00 -1.087112127032696662e-02 1.088839734238717938e-01 -1.113745759175799321e-02 -3.349959570914506912e-02 3.429118763688165927e-02 7.973681535995424952e-04 5.184932462725555524e-03 -1.250703261985108838e-02 -3.866117822326486930e-03 3.860604351575602777e-02 -9.122058138427746599e-02 -4.398340398620348424e-02 1.211947979027172551e-02
7.718720262346323580e-03 -2.009344859961856855e-01 -2.722872438926060568e-02 7.339135736401658505e-03 0.000000000000000000e+00 -1.087112127032696662e-02 1.338228365057148039e-02 -2.757734568831438082e-03 2.735623561784450430e-02 -1.458486539377190638e-02 7.973681535995424952e-04 4.271827721538556943e-03 1.456069336109067081e-02 -3.753442441666265950e-02 4.815720189071726054e-02 -3.180295689162448980e-02 -7.738232699921354651e-03 -1.611795248390990309e-02
-2.805685279236058705e-02 7.429049099664553069e-02 1.737305963615654036e-03 -2.015860044411965646e-02 0.000000000000000000e+00 -5.080023480331874453e-02 8.583964647823449923e-02 -2.231173879226844292e-02 2.049093943787738681e-02 2.587819934706203640e-02 -1.079519361301208846e-01 -1.465636306238593534e-02 -3.251737859500281047e-03 -4.388714417018491076e-02 5.590075062082178192e-02 -7.489201008320378605e-02 2.186179451882708236e-02 1.446238199605431873e-02
-8.317730135695455829e-02 9.889687774921185337e-02 4.587274897801307816e-03 2.717164445857633837e-02 0.000000000000000000e+00 -1.087112127032696662e-02 1.300997326616197824e-01 -2.148535648734650749e-02 4.373085711085877847e-02 4.325001053439336829e-02 7.973681535995424952e-04 3.414595689719135407e-03 2.706170796454898664e-02 -2.888859064114512876e-03 2.000661776000924874e-01 -2.353124738328915555e-02 -8.026765935028379317e-03 -6.296295054198708385e-03
-1.542221221097861417e-02 2.891134253763993911e-02 -1.818282345084298868e-02 5.270477488375036046e-02 0.000000000000000000e+00 -1.087112127032696662e-02 -2.073988794290926307e-02 -3.263545221670938190e-03 -1.103621983929770067e-02 -7.478192792461868521e-03 7.973681535995424952e-04 -1.834288527788885403e-03 -2.365559299732922227e-04 4.997528264721040614e-02 3.976718948251800612e-03 -2.548842709074961022e-03 -1.416367165802512318e-03 2.178763643314596266e-03
2.135020722403169202e-02 7.655876426360919140e-02 -3.785108423471683636e-02 2.480976555125380401e-02 0.000000000000000000e+00 -7.082487009756732732e-02 1.217681294274370885e-01 -1.140239039295920520e-02 1.686340125297647319e-02 1.013196539679483976e-02 7.973681535995424952e-04 1.549059494209359400e-03 1.308509161799520371e-02 1.971557185697747627e-03 8.250900560324225808e-02 -2.036420934680904793e-02 3.634252523261238821e-02 -9.424833073353511281e-03
-4.183909441053401679e-02 8.006716400996083394e-02 -3.338589193299412727e-02 1.107114397091208957e-01 0.000000000000000000e+00 -3.143162932974519208e-02 1.012407864952820091e-01 -1.492502837754727807e-02 -1.023957853612955660e-02 3.334202301630284637e-03 -2.674008741269062739e-02 7.807153776411723811e-03 1.824505120566755068e-02 3.216250192781444639e-02 -4.599241781215823721e-02 2.783206495951162651e-02 4.642182019597385079e-02 -3.931967884636833332e-02
1.030069120915868552e-01 1.182485811150399968e-01 8.191885131600429304e-02 1.609230720787309110e-01 0.000000000000000000e+00 -3.702081266601453535e-02 7.480164786647947039e-02 1.192108789336998598e-02 6.733445590361952782e-02 -2.359532516675244551e-02 7.973681535995424952e-04 -1.804337834528269013e-03 -3.531718570974362592e-02 -9.003185307165040285e-03 -1.047548137944431801e-02 -5.870553691920576966e-03 7.730707087830523960e-02 9.028796495840651914e-03
-7.578946011562948115e-03 -2.139311700666439719e-01 7.263933718149928609e-03 -1.000956861389568076e-03 0.000000000000000000e+00 -1.097587289041257463e-01 -2.073988794290926307e-02 -3.263545221670938190e-03 -1.103621983929770067e-02 -7.478192792461868521e-03 7.973681535995424952e-04 -1.834288527788885403e-03 -2.365559299732922227e-04 -4.190864381962455809e-02 8.329630774096585810e-02 -8.007260174417751841e-02 2.348994434578344226e-02 -4.354081225392292254e-02
8.406609088706318289e-02 3.725338697222468909e-03 -1.266612722429272253e-02 8.057103587691472057e-02 0.000000000000000000e+00 3.403972911473829299e-02 9.675468798195652198e-02 -1.247353195412870264e-02 3.564651079068426043e-02 -8.300483696075389162e-02 1.098881719262863044e-01 1.135005757350882050e-02 -2.156505714810919017e-02 -5.618650095493649133e-02 -5.338004158693365753e-02 -4.420872956870880444e-02 2.942935853207018226e-02 -1.385071829645312391e-02
-7.578946011562948115e-03 -1.528813471541070612e-01 2.267140646745247068e-02 4.677411801094422117e-02 0.000000000000000000e+00 -1.087112127032696662e-02 -6.558570679044350982e-02 -1.789966239311979734e-02 -8.864146082487422973e-03 4.385399413604318397e-02 7.973681535995424952e-04 4.508947483373049181e-03 -6.307689644017955288e-03 -9.003185307165040285e-03 -4.097861966329219285e-03 -2.079255024182202760e-02 3.731726870583429445e-02 6.466100294528587256e-02
-1.056359358481131494e-01 6.105638283770531416e-03 -1.694056680389621761e-02 5.422008727919092053e-02 0.000000000000000000e+00 -2.875815436891571153e-02 -2.073988794290926307e-02 -3.263545221670938190e-03 -1.103621983929770067e-02 -7.478192792461868521e-03 7.973681535995424952e-04 -1.834288527788885403e-03 -2.365559299732922227e-04 -2.305924748816323699e-02 1.760368787035986315e-01 -3.124730335002823267e-02 3.724054025951772928e-03 5.424097456489107572e-02
1.127840347908204421e-02 7.519114626120426692e-03 1.833415945384331280e-02 -1.809762106859125197e-02 0.000000000000000000e+00 5.759112574014579877e-02 -3.120492981452116510e-03 -5.896694184230000246e-03 9.206915892445977079e-02 3.099741456529159223e-02 -8.557400165773287881e-02 4.794585950435248378e-03 -9.553252498790243408e-03 1.996990044608537573e-02 1.854391136876074597e-01 1.061411120190314250e-02 -1.122891758313926402e-02 7.323476743067658390e-03
-7.578946011562948115e-03 4.087649656867142767e-03 -2.429132227507579955e-02 3.662501578219234943e-03 0.000000000000000000e+00 -1.527761640318203717e-02 -2.073988794290926307e-02 -3.263545221670938190e-03 -1.103621983929770067e-02 -7.478192792461868521e-03 7.973681535995424952e-04 -1.834288527788885403e-03 -2.365559299732922227e-04 1.315090011303254869e-02 -3.218197167734615505e-02 3.238102728755620774e-02 -1.969026810547802597e-02 -2.942887120843806770e-02
-7.578946011562948115e-03 5.410779999874648638e-02 -3.669220133451744914e-02 -4.103467143886518897e-02 0.000000000000000000e+00 -1.087112127032696662e-02 3.459721202671062201e-02 -2.103393627612604178e-02 4.839913229807280004e-02 -4.384373007633257657e-02 7.973681535995424952e-04 -8.533797339396187454e-03 1.686970671426024637e-02 -9.003185307165040285e-03 -1.047548137944431801e-02 -5.870553691920576966e-03 -1.579856546186420019e-02 -2.583274542121216655e-02
1.990858487988589332e-02 -1.419534950091474457e-01 -2.456477802479639649e-02 -6.011478559958050027e-02 0.000000000000000000e+00 -1.087112127032696662e-02 -2.073988794290926307e-02 -3.263545221670938190e-03 -1.103621983929770067e-02 -7.478192792461868521e-03 7.973681535995424952e-04 -1.834288527788885403e-03 -2.365559299732922227e-04 -9.003185307165040285e-03 -1.047548137944431801e-02 -5.870553691920576966e-03 -3.036698542473459383e-02 -1.785488338646246120e-02
4.819156628946075216e-02 1.541974325227783993e-01 -1.624644192224877770e-02 5.310937438480323181e-02 0.000000000000000000e+00 3.434376625780544146e-02 -2.073988794290926307e-02 -3.263545221670938190e-03 -1.103621983929770067e-02 -7.478192792461868521e-03 7.973681535995424952e-04 -1.834288527788885403e-03 -2.365559299732922227e-04 -9.003185307165040285e-03 -1.047548137944431801e-02 -5.870553691920576966e-03 5.418499504230567254e-02 3.006874185302876867e-02
8.098765020258724689e-02 5.950484128334210254e-02 -9.883127835109917214e-03 -4.387894169553874235e-03 0.000000000000000000e+00 -1.087112127032696662e-02 -2.073988794290926307e-02 -3.263545221670938190e-03 -1.103621983929770067e-02 -7.478192792461868521e-03 7.973681535995424952e-04 -1.834288527788885403e-03 -2.365559299732922227e-04 -1.788089629917521961e-02 7.068007424641109537e-02 -1.691254244133233442e-02 2.920828804417396896e-02 -3.312430527694232296e-02
-7.578946011562948115e-03 3.864473127578094136e-02 6.371590145135996863e-03 1.636980568591752672e-01 0.000000000000000000e+00 -2.840803492290433496e-02 -2.073988794290926307e-02 -3.263545221670938190e-03 -1.103621983929770067e-02 -7.478192792461868521e-03 7.973681535995424952e-04 -1.834288527788885403e-03 -2.365559299732922227e-04 -9.003185307165040285e-03 -1.047548137944431801e-02 -5.870553691920576966e-03 8.759572601411491632e-02 -2.929017167843994685e-02
-1.392556838736709324e-01 1.056331335912545910e-01 4.112730856647317523e-03 1.991599299799418077e-02 0.000000000000000000e+00 -1.087112127032696662e-02 -4.750243601176862285e-02 -7.271023239923124493e-03 -3.445304508204571903e-03 1.500795289803136257e-02 7.973681535995424952e-04 1.225765650769972126e-02 -2.156136875146330567e-02 -2.655173284438205883e-02 1.133469688393233810e-01 -6.530650203967525158e-02 -1.169934083009138703e-03 -1.462105150130810216e-02
9.359407582451240160e-03 5.098733589329640381e-02 4.241829798411345109e-02 2.046016333224542905e-02 0.000000000000000000e+00 4.163548872020328417e-02 -2.073988794290926307e-02 -3.263545221670938190e-03 -1.103621983929770067e-02 -7.478192792461868521e-03 7.973681535995424952e-04 -1.834288527788885403e-03 -2.365559299732922227e-04 -9.003185307165040285e-03 -1.047548137944431801e-02 -5.870553691920576966e-03 -1.054613983069430105e-02 2.029086870970786549e-02
1.403033154088006995e-02 -2.908379560285538901e-01 3.509003792271414568e-02 8.482888875096250558e-02 0.000000000000000000e+00 -1.087112127032696662e-02 1.525769166028112522e-02 -4.855359873545239680e-03 -7.983858158695511520e-03 -5.452400662193213066e-02 9.784409766871249303e-02 5.705196807866741437e-03 -4.170364893070654944e-02 2.123236079023627099e-02 5.347197783831347806e-02 1.828677353910279635e-02 3.625284632289549336e-02 -2.369984569304506294e-02
5.493426619909769215e-02 -1.588268344185053138e-01 -3.433347825375676621e-02 2.979567586771736387e-02 0.000000000000000000e+00 -1.087112127032696662e-02 4.881255445070564747e-02 1.146425820274998841e-02 4.901577678538160399e-02 -6.410651134501677006e-03 7.973681535995424952e-04 1.681636020293808542e-02 3.390339207385295595e-02 -9.003185307165040285e-03 -1.047548137944431801e-02 -5.870553691920576966e-03 2.201380232918381807e-02 -2.466436861141119152e-02
-7.578946011562948115e-03 -1.111373706580707221e-01 -6.365599572745850310e-02 1.703848456418199930e-02 0.000000000000000000e+00 -1.087112127032696662e-02 -2.073988794290926307e-02 -3.263545221670938190e-03 -1.103621983929770067e-02 -7.478192792461868521e-03 7.973681535995424952e-04 -1.834288527788885403e-03 -2.365559299732922227e-04 -9.003185307165040285e-03 -1.047548137944431801e-02 -5.870553691920576966e-03 1.697341719409450889e-02 -5.621506547322496772e-02
